30000035368824
30028547955824
3028544930924
30000037771924
30000034640924
947647256620695552
30000034187812
30028542893097
30028549951097
30000036791312
30028548245312
30000037655312
30000034869126
30028548722126
30028550997126
30000028747126
3242796683070013445
3282506155059773445
3382769563617853445
3382768720562749445
3242893523438141445
30000034472445
3243159246015037445
3382768914197053445
3382768224062013445
3242598074239549445
3243159556917821445
3379853476047421445
3382860639619645445
3382860793760317445
3242435010882109445
3382845433334333445
3243157804411453445
3187469404432957445
3208012067039805445
3382846484015677445
3382846555843133445
30028544265445
30028538812839
30028542379891
30028539157891
3028547634505
943613523215253505
30028542155505
3382769833336438789
3242252717391478789
3242797509926518789
3242796531949174789
3382769206820470789
3382860859874934789
3382858053353078789
3226524096298614789
3243881024552566789
3382769808170614789
3382768405184118789
3382769432944246789
3382768409362038789
3242432312065654789
3242433342119542789
3243685922856566789
3382846704098934789
3382857976798838789
30000033152789
3382859645951606789
3382770199821942789
3242438322151030789
3242431031934582789
3382844185247350789
3276707251265142789
3243521902517878789
3382846478294646789
3310592248888950789
30000036375719
30028547175943
30028548723014
3028547734214
30000027426214
30000037032848
30000035839175
30028548748774
30028548770774
30028541896774
30028545344774
30000035394640
30028548729344
928269164655673344
300028540523344
30028539355416
30028540220416
30000038366575
30000037568992
30028546485536
30028539137536
30028539481536
30028548236032
30000032577032
30000036706032
30000036110916
30028548097916
30028540111092
30028539378092
30000037418375
30028550884375
30028539390375
30028539000375
3028538952375
30000035026375
30000035123880
30028549850880
30000037650880
30028539881776
30000037332808
30028548773808
30028547803808
30028548828808
30028540423140
3028544899140
30000034683140
30028550243252
30028540523252
3028539171250
3028539116250
30028548725052
30000036055052
3382768263601520645
3298008809291120645
3382769739292016645
3382361398115696645
30028547823645
3382766669430128645
3382847476882800645
3242797067763056645
3382847678209392645
3242263703485808645
3382769917369712645
3382769616452976645
3382768065240432645
3244592414113136645
3242434608094576645
3382768154729840645
3246144656096624645
3382860669549936645
3245702732701040645
3243159623376240645
3382843821555056645
3317887795535216645
30028548728215
30000034165977
30028541624730
3243522311429226501
3243522080046186501
3242239898877034501
3382769917025386501
3243155243637866501
3242797408017514501
3242434272713834501
3382769774230634501
3208103971773546501
3242162941090922501
3242947932331114501
3243522273336426501
3382769835940970501
3382846670175338501
3382846689205354501
3329808331299946501
30000037988501
3382857469631594501
3301892652801130501
3382859660614762501
3258772625341546501
3203708895583338501
3382768130063466501
3382860649774186501
3382846867823722501
30000037951501
3382860755147882501
3382841786596458501
3382842391436394501
3242798335482986501
3243884187909226501
3242797171915882501
3243310411562090501
3242796955548778501
30028539390836
30028547342734
30028539137424
30028539510424
30028539478606
30028545366606
30000037033841
30028548308702
3028544074702
30028540512199
30028545543830
30028539089830
30028540018830
30028544265066
30000034810066
30028543758066
30000034165498
30028544249498
30028543398498
3028547266928
30028544248928
3242793579066687493
30028550550493
3382768927266111493
3242793703150911493
3244604220126527493
3382686060574015493
3382759859524927493
3382846691939647493
3382857880057151493
3382409867064639493
3382846959654207493
3382860601824575493
3382860775707967493
3382860781466943493
3332422649124159493
3382767517619519493
3243517897561407493
3382769015870783493
30028545065761
30028548015761
30028543381773
3382767561076768773
3243520147730464773
3242151329370144773
3382860912136224773
3242961641263136773
3242434685882400773
3243521464733728773
3382767953088544773
3242434362748960773
3382649885528096773
3242428878008352773
3380222680076320773
3243137682305056773
3242433611100192773
3382846698516512773
3229405251645472773
3242434132594720773
3286071137013792773
3382860829487136773
3242434354368544773
3382410695544864773
3377247247298592773
3242433869754400773
3242432221564960773
3353784810106912773
3382846642933792773
3382846664093728773
30000034177225
30028544457225
30000034169289
30028547566494
30000034720494
30000035122443
30000036931873
30028539101246
30028547963246
30000025958476
30000028355986
30000037421662
30028543162662
30028539223753
30000035221753
30028539042076
30028548774076
30028546762076
943166548544061440
30000035476440
30028543159440
30028542888408
30028542307408
30000034415408
30000028178408
30028547998863
30028548773863
30028543632863
30028548772863
30028549922963
30028548235963
30000032947963
30028541966295
30028541645295
30028543910295
30028548770596
30028547120596
30000034188528
30028539509348
30028539080958
30028540653958
3028544908958
3028546090888
30028539428888
932712757369765888
30028540334993
30000035002572
30028550466074
30028542691074
30000037877074
30000032466307
30028543407307
30028540201927
30028550216378
30000036454378
3212135699630850053
3381644566547202053
3243159898073858053
30000032689053
3217164721842946053
3382769609771778053
3382440633551618053
3236070575393538053
3382860925201154053
3242797133458178053
3243159298796290053
3242433768147714053
3242796278336258053
3382769674431234053
3382416431549186053
3231603947145986053
3382769897073410053
3382769780337410053
3382859243621122053
3245886675094274053
3382860026743554053
3243520191032066053
30028550876053
3382846479493890053
3243884199963394053
3382846634846978053
30000009681954
30000037558377
3382767687740030981
3243870869047934981
3382769533569662981
3382769492503166981
3243519424498302981
3382768957033086981
3382860844280446981
3243160020937342981
3382769549486718981
3382184799881854981
30000036186981
3360329282521726981
3382769490397822981
30000037988981
3028546071981
3382859090348670981
3336791856876158981
3382859738884734981
3370026509650558981
3382768499493502981
3242797184658046981
3382846552533630981
30000035307981
3336453894548094981
3243530996583038981
30000036489316
30028546148316
30000034879316
30028539955316
30000036683379
30028539475379
30000032007467
30028542893489
30000033200452
30028539471897
30000034175897
30028539258249
30000035333249
30028544381513
30028539470513
30000037202513
30028546959513
30000037686233
3028545319530
30000036961546
944278957212041216
3242793625283919877
3242437528366415877
3244752935210319877
3379418563980623877
3382769620102479877
3242429428297039877
3242281336515919877
3382769419128143877
3382860920851791877
3382769737387343877
3242796859616591877
30028548611877
3382846606921039877
3243521667272015877
3260958245358927877
3382860830666063877
30028544041877
3382845296528719877
3382846322052431877
3382846327467343877
3382846418677071877
3382846464290127877
3242391983295823877
3382769654017359877
3382846623345999877
30000037039601
3382768180868874245
3242788328519434245
3243518266832650245
3242430981166858245
3382769745164042245
3382768432871178245
3242640902067978245
3243158873741066245
3321512011593482245
3242432241727242245
3243730443360010245
3242796611565322245
30000035826245
3244398141961994245
3382769390040842245
3242793853802250245
3242975030261514245
3382857336739594245
3382859067250442245
30028544098245
3382767671785226245
3382841836697354245
3255167384049418245
3382843080120074245
3382844037658378245
3382845906728714245
3242435649607434245
3382846396954378245
3265004691158794245
3382846586394378245
3382846657877770245
3242436631749984261
3382768512370016261
3243884441584992261
3382768461702496261
3382769985267040261
3243867039073632261
3382859523171680261
3382860648998240261
3382860769052000261
3382860822021472261
3368282105021792261
3382846197867872261
3242409583568224261
3242431150318944261
3243160588854624261
30028548145358
30000008514358
3028540526919
30000036018442
3382769641300164613
3243883995021508613
3242796927811780613
3382769288265924613
3206386775924932613
3382768683417796613
3382769819893956613
3382768473522372613
3382769617010884613
3382768262586564613
3382768002375876613
3382768974569668613
3266233410175172613
3243882058645700613
3242432621592772613
3379051516821700613
3242431666692292613
30028548727613
3243882142695620613
3382846679122116613
3382857451667652613
3382857458311364613
3382858160693444613
3242430831673540613
3382860387508420613
3382860536578244613
3382860646842564613
3243523027640516613
3242643677577412613
3218939978031300613
3382846396530884613
3382846568497348613
3382846648008900613
3382846667055300613
30028544624291
30028548723291
30028546136291
30000029791231
30028549943231
30028547487831
30028546635314
30028546862507
30028546244222
30028550243222
3382860754174345222
3382846662017417222
3242796615088406533
3382769608014102533
3376638512847126533
3184093645822230533
3243137692006678533
3265635156597014533
3376640267294998533
3382769689090326533
3382769481120022533
3242796964092182533
3243520798824726533
3382769839905046533
3382767807592726533
3242167845419286533
3231579373050134533
3243523574921494533
3242431564372246533
3242435053508886533
3382860186433814533
3242433060526358533
3242535674509590533
3242431322159382533
3382860678928662533
3382860803701014533
3382770227370262533
3242434424723734533
3243521771387158533
3382844735846678533
3382846355560726533
3335216664860950533
3382846529083670533
30028543594838
3382846687791480838
30028549489838
948299581639098368
30028543850368
30028548282407
30000034654407
30000035896407
30000028399130
30028546680130
30028549332130
30000036640313
30000035954313
30028548089258
30028541897121
30000037775121
30028548720551
30028548201551
30028539469537
30028550599537
3244310185481797637
30000035825637
30000032874637
3382769200592453637
3382860924450373637
3243197410670149637
3382769877104197637
3382699690841669637
3237779884422725637
3242439496119877637
3242175616726597637
3244464584775237637
3224436562802245637
3382859780789829637
3382860549756485637
3382860257007173637
30028547274637
3243730008536645637
3242431056492101637
3242430997935685637
30028544614637
3243159984002629637
30028549523637
3201275328026181637
3242431657498181637
30028543880284
30000033918566
30028542325898
30000034981898
3242387321616400389
3242392626542608389
3382769495283728389
3243147322472464389
3328074507704336389
3382769202542608389
3324364066641936389
3242438336944144389
3319023245293584389
3382860828858384389
3382767458400272389
3382410064394256389
3243522621069328389
3382768889370640389
3382846709094416389
3382859034753040389
3382860431808528389
3382770003646480389
3382768055580688389
3382860607084560389
3382860720846864389
3382770227345424389
3382860866607120389
3242793560037392389
3244606744090640389
3382844669605904389
3243522133301264389
30028547366029
3382769696568705029
3382663549392257029
3382860903445889029
3382860936836481029
3382769898075521029
3187747720574337029
3382769773122945029
3382722486523265029
3359981700314497029
3382859547661697029
3382859704759681029
3382859686057345029
3382860080493953029
3242804899485057029
3382860487521665029
3382860609516929029
3382843511248257029
3210251958834561029
3382846348703105029
3382846489548161029
3382846576055681029
3230851664926081029
3242431714369011717
3382767673089523717
3382767885434355717
3281596333678067717
3267483561049587717
3382769773911539717
3243726846295539717
3382768807812595717
3382846712118771717
3197601585135091717
3250515836165619717
3242434417253875717
3242433325514227717
3382846670880243717
3382860821945843717
3379126564601331717
3382844266659315717
3382846384799219717
3242438409010675717
3260344142462451717
3382846620728819717
3243159985307123717
30000031128611
30000037334611
30028546119611
30000034426170
30028549968268
30028550692315
30000033849304
30028539389978
30028548226978
3287124655220654085
3242415374690222085
3242149102282670085
3382769028482990085
3242795248592814085
3382860907849646085
3382769722116014085
3242191970863022085
30028549999085
30028541811085
3321530431227822085
3382411652269998085
3382768766158766085
3242434327701422085
3382767840970670085
3382846714316718085
3382768656754606085
30000032853085
3382858770687918085
3382859568990126085
3243521756694446085
3382860709144494085
3382769762641838085
3231703735363502085
3382842586253230085
3242190377019310085
30028546795547
3382765856117293061
3382846807061037061
3382768371495469061
3242141033771565061
3382769113870893061
3382769970213421061
3382769039954477061
3242790355882541061
30000036408061
3382860419682861061
3242435001004589061
3382843354444333061
3258533998531117061
3242278760739373061
3211035970327085061
3382846456500781061
3242431105200685061
3382767747060269061
30000035323580
30028549819580
30000036798580
30028540953564
30000037333564
30028545520740
30000032810740
30000028455740
30028545093444
30028548772746
30000025593746
944257287415922688
946495524268146688
30028540303211
30028541896128
30000038198186
30028543928186
3028545015266
30028548726331
30028538961331
30028547068881
30028548722682
3242791359877349381
3349749993812197381
3243521348350181381
3382769109668069381
3243155668521189381
30028550415381
3244608707129573381
3382860818288869381
3243522212925669381
3382769316237541381
3382768433148133381
3275403149390053381
3382768465490149381
3242434641162469381
3243155462492389381
3382769821651173381
3382858558968037381
3382858748063973381
3267857997959397381
3382860557725925381
3382860662051045381
3382860774781157381
3382769660874981381
3198415118307557381
3382842785763557381
3242796849172709381
3243522256441573381
3382846483402981381
30028548828867
30028544018867
30028542251867
3028549668485
3242793699913236485
3267338086690324485
3243159383059988485
3382769803439636485
3382398240714260485
3382860721106452485
30028548721485
3382768517017108485
3382769238273556485
3242796991753748485
3382846697451028485
3382846653402644485
3362404952706580485
3382846697106964485
3382858902867476485
3382767896948244485
3382840803913236485
3243349180247572485
3382846586457620485
30028539923726
3382847664825630726
30028541906310
30028539070718
30000010901780
3028548015780
30028538738780
30000035901905
926784585163866112
30028548721112
30000034165787
30028540328787
30000012960787
30028548364754
3382769255390642181
3242775683481010181
3382769237728690181
3242434276040114181
3382769345027506181
3242434295274930181
3243521530437042181
3382769623072178181
3243882376502706181
3382768498474418181
3382769618017714181
3382846680300978181
3242435697737138181
3382769186520498181
3382860692962738181
30028543685181
3382860756565426181
3382860841516466181
3364341197225394181
30028542313181
3382846444371378181
3243686749704880133
3242779913294512133
3244253593072304133
3382768159314608133
3242432833426096133
3375104386151088133
3242436673311408133
3382768755782320133
3382767954866864133
3382768999592624133
3382767793550000133
30028547003133
3243884035420848133
3382769552528048133
3382859270787760133
3242796801659568133
3242435857527472133
3242152858227376133
3243159518048944133
3242434852639408133
3382846452290224133
3382846537585328133
30028543507352
30028539458110
30028548723146
30000009471146
3028545212146
30000035127609
30000035417042
3028545423042
30028548619042
30028539379042
30028539402660
3028546257150
30028542386056
30028542344056
30028548771560
30028542628472
30028539556472
3242797058577334277
3242798921716662277
3382769762792374277
3382767230833590277
3242434037035958277
3242436420449206277
3382860833543094277
3382860897661878277
30028544058277
3245860913599414277
3242428869997494277
3382846690513846277
3382857719436214277
3382848852841398277
3244439393055670277
30000011067277
3382860830913462277
3382860746331062277
3382844156974006277
3382846598239158277
3242442325450555397
3382860900417339397
3382768244047675397
3242793791676219397
3382753611513659397
3382769151237947397
3382471216185147397
3382769704181563397
3382769323917115397
3382846662688571397
3382846699372347397
3382859263426363397
3357751420518203397
3382859426119483397
3242433441226555397
3242442162921275397
3269635724123963397
3382848138886971397
3382860810755899397
3242434962005819397
3202704651845435397
3382776229125947397
3382843010490171397
30028538477397
3382846348803899397
3243516073828155397
3242432313294651397
3242797170376507397
30028543879656
30000037223656
929340787739590656
30000034205518
30028539321518
30028543524163
3382846690190753798
3242433738556833798
30028540809798
30028540303259
30000034578607
30000034355607
30000035840728
30000029833728
30028541352728
30028542708384
30000038060384
30000035855384
3028545331038
30000033877760
30028539354667
30028546776667
30028550583908
30028551142908
30028539360908
3382769334587817989
3244480747286953989
3382769577177513989
3382767866941865989
3382860917395881989
3244609216737705989
3382769424773545989
3382768962711977989
3382767921279401989
3263957607764393989
3382846673719721989
3242434441941417989
3382769217515945989
3382860597219753989
3244602541142441989
3281600916861353989
3382767780942249989
3382770349265321989
3242244869181865989
3382846616564137989
947952112606642177
30028540783723
30000034620723
30028547823721
30028548738114
30000032725251
30000033255251
30028542176622
30028539480622
30000037710918
30028541897512
30000032707050
30028547619417
30028539476417
30000029216935
30028550355935
30000037237283
30028539406283
30028548799987
30028548827183
30000034366103
30028540648195
30028548772359
30028548670359
3028546118359
3242796998074433541
30028550691541
3244367125536833541
3243580560916545541
3382860841181249541
3241890067750977541
30000036379541
3382768500432961541
3242435807699009541
3291469746634817541
3382769718698049541
3382768299622465541
3382769528209473541
3382769795596353541
3382860255723585541
3242432410828865541
30028549082541
3382860837511233541
3242431913803841541
3382860803956801541
3243159889731649541
3242434083651649541
3382840414216257541
30028548828541
3382846531092545541
3382769208582209541
3307007545745473541
3243521262387265541
30028547635541
3382767091528302597
3276976856265326597
30028538883597
3382769803309678597
3382769438069358597
3286737666126446597
3382860823745134597
30028540216597
3200148854846062597
3233154480919150597
3243159926289006597
3308790694531694597
3242434818552430597
3242999790047854597
3382860846092910597
30028545382597
3245742491079278597
3243521663824494597
3243157983982190597
3382768864850542597
30028547626579
30000032664579
30028546017502
30000033991502
30028549201903
30028548724779
3242431837358325765
3243883532863733765
3382768667076853765
3382768546490613765
3329153438927093765
3242796784257269765
3377243787618549765
3382769878722805765
3382846969309429765
3382769281550581765
3242436559972597765
3243159190071541765
3376639358879989765
3243158505711861765
3317118880475381765
3299713720215797765
3382769908254965765
3382860366629109765
3242797396445429765
3208040852359413765
3382860815419637765
3242429275850997765
3382846643382517765
30028545604931
30000025288931
30000033697936
30028549167936
3382769113522896901
3382769793712848901
3382769450296016901
3212427799266000901
3382860806423248901
3382767897019088901
3382769452581584901
3243158385074896901
3382768611271376901
3242433811407568901
3243516325020368901
3243515555889872901
3226674421949136901
3382769230799568901
3382857093595856901
3382859556012752901
3382859763974864901
3382846745903824901
3242793819857616901
3382847641748176901
3327672630059728901
3242796843246288901
3382839758889680901
3324045647384150021
3382768927706710021
3382769726189142021
3382767775854166021
3382769163628118021
3380142536339030021
3242794377121366021
3243884811120214021
3382768948694614021
3382768712568406021
30028544671021
3252312832929366021
3242515986689622021
3242432156003926021
3382846895107670021
3382847743585878021
3382860833132118021
3285585444802134021
3382843774889558021
3237767166856790021
3242432194285142021
3382846599925334021
30000032744584
30000037729302
30000033486302
30028551115716
30028547843247
30000036487081
30000034188330
30028548092330
3269636496765091845
3243159868936355845
3382768138858659845
3242433788309667845
3382769272533155845
3382846750429347845
3382769776201891845
3242423897092259845
3382769792798883845
3243160000557219845
3218945685426339845
3243192919732387845
30028545409845
3242175021256867845
3198593715089571845
3242435807514787845
3242434776952995845
3382858275836067845
3242432713699491845
3217081625047203845
3245813728170147845
3342112013332643845
3243160272990371845
3369023320445091845
3242429642944675845
30000013556764
30028543764764
30000036930764
30028550318764
30000038537764
3242792397443432453
3243882844557672453
3232077421916520453
3382769629253992453
3382769544827240453
3209687142797672453
3242267407618408453
30028551027453
3382769528238440453
3382769466880360453
3244606983450984453
3382859180765544453
3242440769737064453
3382860180255080453
3382847015891304453
3242431679803752453
3244609435021672453
30028549133453
3382844322623848453
3382846386925928453
3382846526222696453
3382846538797416453
30028550064191
30028548828364
30028549949364
30028543952825
30000036037503
30000034176503
30028542521298
30028549311806
30028545424878
30000035007878
30000027506017
942868142034518017
3028544899017
30000010757569
30028548722906
3382769624573149189
3382768197969117189
3382448577144029189
3243159800128733189
3243883276272861189
3242297979765981189
3382769505010909189
3280519161160925189
3382860891227357189
3201623239410909189
3242174178419933189
3243519699330269189
3242798534108381189
3372585352045789189
3242432666207453189
3382768630514909189
3382846679688413189
3228789090952413189
3382857348949213189
3382768915727581189
3382860630131933189
3242792546034909189
3243014536717533189
3382844593890525189
30028543901189
3382846407763165189
3382769311565021189
3382846462649565189
3243159810614493189
3243522212431069189
3242437065516253189
3198198408807645189
30028548636604
30028546451604
30028548828338
30028547444338
30028547792458
30000034911458
30028540234794
3028544899058
3028543346058
3028545578983
30000037796583
30028543881859
30028539428648
3243621430390620165
3382768616656732165
3382768960573276165
3382768599355228165
3382860913184604165
3382860915806044165
30028548240165
30028539922165
3377242904080220165
3382759515516764165
3242433147440988165
3382767350140764165
3382768904998748165
3382767764336476165
3382767825145692165
30000034848165
3382846701465436165
3382858053717852165
3382858359533404165
3249440248688476165
3382860799233884165
3242904335183708165
3382846549618524165
30000029923778
30028548772711
30028539207711
30000027483711
30000035913398
30028544270398
30028540046309
3382769898377314309
3312500324479074309
3382768989778018309
3382769042387042309
3382768887705698309
3028546072309
3382769056895074309
3242433969008738309
3242434595885154309
3382412007141474309
3382769605103714309
30000033899309
3382846722289762309
3382855935594594309
3382847970619490309
3382858835439714309
3244594681344098309
3242798860341346309
3243519214841954309
3382846784319586309
3214270177497186309
3382842309005410309
3028539117309
3242792314425442309
3243521511919714309
30028548721230
30028547495230
30028541495665
30000033000665
30028542976665
3028546152665
30000032554651
30028547638651
30000011195108
30000035505872
3028545205814
3382860445398007814
30028539555706
30028544721996
30028550134996
30028547274064
30028548829064
942423157816426496
30028539111496
30000036598027
30028547957115
30000031633115
30028538738782
30028548770782
30000027436116
30028548773116
30028539102827
30000011022448
943468224287080448
30000027117796
30028544713796
30028544765710
30000035853710
3028540659710
3028546051629
30000029169629
3382647012052762629
3382768311152410629
3185206902583066629
3344676805381914629
3242432434409242629
3242434665787162629
30000033570629
3382858345574170629
3242264475430682629
3243521677414170629
3382860846403354629
3382768887533338629
3382843709009690629
3382846389530394629
3242154543427354629
3382846471671578629
3292577341198106629
3382846619684634629
3382846650969882629
30000035389124
30000028555124
30000035134124
30028539530961
30028542308961
30028542708043
30028539097043
3326636539806547973
3382767889670995973
3382769334600531973
3243878791316307973
3382768404710227973
3382860887188307973
3322276981810003973
3242302907016019973
3382717388677971973
3377243479974739973
3382769700397907973
3382769516004179973
3382426340688723973
3382769444881235973
3382769639760723973
3243523090080595973
3242799119893331973
3382768055346003973
3382860518949715973
3354055911424851973
3382843984847699973
3382846376452947973
3382846627775315973
3218242597938003973
3293151408330964997
3244609473542356997
3382768425900244997
3382860865034452997
3382860923246804997
30000036242997
3382745072892116997
3382768173906132997
3382769338857684997
3382769984092372997
3243161345243348997
3382767784007892997
3243883266177236997
3244608034699476997
3382860854024404997
3242433548622036997
3186314796619988997
3382767438023884805
3309225763155148805
3254586708061388805
3242434243521740805
30000029303805
3382768308677836805
3382769291193548805
3242434181663948805
3382765974891724805
3382748687543500805
3382769737362636805
3382769620290764805
3365423181352140805
3382858809699532805
3265667109883084805
3252693913046220805
3242797212994764805
3250769718422732805
3382846364855500805
3382846370614476805
3244609448594636805
3244257600507084805
3243519578508492805
3382846609337548805
3028548680875
30000036390342
3028546081342
3028544862625
944630337449754625
30028539507956
30028545283633
30000037843633
30000032475633
30000035862243
30000034218243
30028545555243
30028539122982
30000032524982
30028545442322
30000037802322
30000034457860
30028539367610
30028543684610
30000033308610
3028545291217
30000034154991
30028548771311
30028548617593
30028540283481
30028548802481
30028540106481
30028539476068
30028540225068
30028548722208
30000036346431
30000036574431
30028546289942
30028547677942
30000034970942
3382411151566503941
3378033550911143941
3382768909280935941
3382769225066151941
3382769059055271941
3382768531621543941
3382860879169191941
3382860811364007941
3382768920823463941
3382769168631463941
3242431627617959941
3382768744138407941
3382769204274855941
30028540131941
30000025599941
3264933926258343941
3382857037031079941
3306622639957671941
3243521604093607941
3243360517179047941
3382843050231463941
3191100146648743941
3382846434002599941
3244381649266343941
3242796704540327941
3382846484317863941
3278877098854055941
3382846568048295941
3242796307465895941
30000027856202
30000025579202
30028538892049
3028540627049
30028540554049
3028546791892
30028548772218
30000038435218
30000037585218
30000033046850
30028545923850
30000036467929
30028545841929
30028551181587
30028550229587
30000035189063
30000038386835
30028540753835
30028538412639
30000032671639
30000032750639
3028544069690
30000036438263
30000033121263
30000034525263
30000034625263
30000032844650
30028550805650
30000038350650
30000035870264
30000033716618
30028543463618
30028545868979
30028544637351
30028548770324
30000010844324
3028545536720
30028541895914
3315069631608520709
30000035059709
3242797068908232709
3382769515345608709
3382769675605704709
3382769248491208709
3382860913620680709
3382769658484424709
3382501078849224709
3242421972326088709
3382678447224520709
3382769707947720709
3382849235269320709
3242818975413960709
3243515496494792709
3382860548003528709
3382860834969288709
3244293897434824709
3242445039605448709
30028538707539
30028548723799
30028546159799
30000033340799
30028541943707
30028542557707
30028545314955
30028547325161
30000037890847
3028545523847
945313138553651201
30028548722201
30000036404201
30028543896201
30028539223201
30000028406409
30028544332409
30000038282433
30028548720433
3028538851433
30028546519433
3269635874594553861
3382768676224761861
3382769019461369861
3382769763426041861
3382767971761913861
3382387335700217861
3382769262575353861
3242433957289721861
3242170527915769861
3382768822329081861
3244609311596281861
3382769910054649861
3382769644076793861
3382405784190713861
3241023063154425861
3382846705139449861
3382858212400889861
3242434195144441861
3243159213219577861
3284864950247161861
3245742701281017861
30000011508861
3243161247809273861
3382769294188281861
3382846437064441861
3242398319337209861
3382846665473785861
3242796950863609861
30028540205777
30000037741179
30000036310179
30028548770744
30000033102744
30000037831791
30028548774791
30028549789791
30028548724791
30000033490822
30000033386822
3028544965822
30028547462022
30028547033022
3382846619864662022
30000030552770
30028540716148
3028540676148
30000033349614
30000028784614
30028541249402
30028548722402
30028547355643
30028548333643
30000033212884
30000036017884
30000028177884
30028546405884
3243884681314828293
3382387492340236293
3244609269498380293
3382860868289036293
3382769026679308293
30000035771293
30028540900293
3242424431010316293
3244607505998348293
3243159603487244293
3382859652645388293
3242434506777100293
3242434364342796293
3242432068313612293
3281236462952972293
3382847200092684293
3382840731255308293
3296113975190028293
3382846596661772293
3382769879159275525
3382769777791467525
3244598293025259525
3242792915284459525
3382769738478059525
3382769103565291525
30028546166525
3382860714856939525
3242425371062763525
3304086882898411525
3242430570590699525
3028545757525
3382858611044843525
3382768469864939525
3243884551459307525
3382860705239531525
3242798623732203525
3382846549111275525
3382846577594859525
3242434514989547525
30000035839051
30028549030998
30028544578998
3028544877142
30000033673207
30028547432207
3382769721571213317
3382734416025485317
3382769687680909317
3244602680670093317
3242799574144909317
3382769439700877317
3286690807584653317
3382769695365005317
3242431893092237317
30028539470317
3382859055372173317
3382859651823501317
3242434368780173317
3242434839934861317
3382851918747533317
3382769997019021317
3375903608027021317
3382840336013197317
3232791542790029317
3321828899993485317
30028538984317
3382768452114317317
3382846490965901317
3382846432606093317
3382846568748941317
30000035225422
30000038003210
3028540430070
3028546073514
952149355102470145
3382769146770882565
3382769826248130565
3242435029366210565
3382860875331010565
30000034440565
3381630878561730565
3382768840750530565
3382769388811714565
3382761558406594565
3379419893667266565
3382857343899074565
3183743085327810565
3382858788140482565
3382859632596418565
3382859989112258565
3354552723781058565
30028548725565
3342498773824962565
3382860827792834565
30028550167565
3242921218897346565
3382846367757762565
3242433753937346565
3382846666077634565
3382769878488121349
3267589846168633349
3382860795270201349
3382860919338041349
3243521938043961349
3243871018767417349
3261953530016825349
3244361529857081349
30028548802349
3354167178277945349
3382769865905209349
3242434075317305349
3243159654028345349
3382856668427321349
3382860410606649349
3382842477179961349
3282437500711993349
3242797423662137349
3242796380681273349
3243158201930809349
3382846620431417349
30028547271144
943299815851163649
3244609445390516229
3242434518042804229
3382769079355572229
3242434885560500229
3242775078398132229
3382765204342964229
3382767710947508229
3382769307945140229
3382769288366260229
3244491246241972229
3382846832994484229
3382415586551988229
3382769859840180229
3382767966464180229
3382769207969972229
3242432478374068229
3382652874401972229
3382846683752628229
3382848684435636229
3353321283152052229
3382860231706804229
3382769681754292229
3382860664252596229
3243521248823476229
3195384440850612229
3245517703366836229
3382846169950388229
3242797425281204229
3382846413392052229
3243881119729844229
3382768189270196229
3382846605977780229
3243521686259892229
30028545698023
945015354801782784
30028548827784
30028540427784
30028547354784
939954036784758784
30000033907784
30000036396411
30000010815390
30000036052390
3028547119390
30028549852002
30028540726002
3028546190635
3028543018833
30000034282833
30028543418833
30000034578234
30000038156305
30028544591305
30000034162305
30028545098305
30000035000025
30000035010025
30028540206025
30028548723388
30028538962388
30028540359592
30028549786592
30000009455592
30028541997484
3382769104970711045
3244256623141847045
3243884294939607045
3243883489993687045
3382767998198743045
3382769739031511045
3382769762272215045
3267108495983575045
3382767572485079045
3382860902564823045
3242434934621143045
3382769587143639045
3243520896984023045
3243883997856727045
3242431985492951045
3382860396626903045
30028540342045
3234192072410071045
3242184675181527045
3242198260876247045
3243528782275543045
30028539521045
3244609373340631045
3238498105664471045
30000034162608
30028549117608
30000037542975
30028547841187
30028548618187
30028550377187
30028548773187
30028546944187
30028541689466
3242221879446601733
30028546556733
3382512472222793733
3242432740207689733
3382767532739657733
3237031464250441733
3243416251657289733
3244286698482761733
3378641624738889733
3382414280412233733
3299004316126281733
3382768735087689733
3242435087281225733
3382846712630345733
3382788861824073733
3382859744496713733
3242434729708617733
3244609528089673733
3382670304209993733
3382843250748489733
3242434339638345733
3382846364142665733
3382846400498761733
3242433539755081733
3382846397705289733
3242796737621065733
3242436292783177733
3382846637665353733
30028548345950
30028539468953
30028539021907
30028548772907
30028545166907
30000034177164
30028538464920
30000034896920
30028539298775
30000036835775
30000027566775
30000037660627
30000028067627
30028543076627
30000025220627
30028545203634
30000037333732
3028539115732
30028541626153
3028544383153
30000035083153
30000035374567
30028548771567
30000035823567
3242796956500623365
3207331321127567365
3242796070969999365
3382768760521359365
3382769278157455365
3379055410037391365
3379866687668879365
3378013833454223365
3382770253677199365
3243382382215823365
3242434999435919365
3247658136134287365
3382846476075663365
3369654560604815365
3243885179568783365
3382846563287695365
3382846588445327365
3382846666572431365
3382846678958735365
30028544047294
30000027205486
30028549762387
30028542174387
30028538739387
30000034202171
30000031683171
30028544474171
3028544906171
3028545143171
30028548720742
30028539447428
3028546580303
3028549561303
30000035896303
30028545400303
30028540226436
3242434499856433157
3382438840461361157
3189917034342449157
3243140589389873157
3243522201094193157
3242264935852081157
3242433971030065157
3184849977198641157
3243459624208433157
3242793749833777157
3242797397829681157
3243159324993585157
3271938442725425157
3243519368718385157
3382768920299569157
3242435180382257157
3382846625212465157
3244608963913777157
3382860354201649157
3183544110549041157
3197893697554481157
3235224971356209157
3243884458756145157
3243884315969585157
3242433124640817157
3242427736713265157
945416032850280449
30028548720367
30028543361367
30028540662028
30000037553028
3242795603842039813
3242798811100151813
3382769844581367813
30028539210813
3382769097987063813
3382767769965559813
30000036003813
3382768981603319813
3382860886316023813
3244257106867191813
3382767836214263813
3382568842523639813
3256232735298551813
3382768955741175813
3382769621226487813
3382769703728119813
3382846652937207813
3183853481661431813
3382859176088567813
3382860558447607813
3377374210315255813
3194262034224119813
3382846340305911813
3243522004440055813
3382773655458807813
3242146540041207813
3242431369991159813
3382846654862327813
30028548772747
30028544882747
3382769431522115589
3243521598745411589
3382768565381955589
3293207324027715589
3243884849736515589
3252693937507139589
3382769658350403589
3382577365248835589
3243159694314307589
3243156148882243589
3382769518029635589
3028548134589
3242797565635395589
3242531775941443589
3357331012275011589
3242430005521219589
3382769216555843589
3242798388939587589
3243160327654211589
3365056502532931589
30028538504589
3193179641367363589
3382846242499395589
3382767533075267589
3244608374999875589
3242796556389187589
3382846658267971589
3382769545565044741
3266125296604020741
3382768085070708741
3382769230795636741
3382769439306612741
3382768283415412741
3382768900854644741
30028544041741
3242434320675700741
3382857870087028741
3196168917898100741
30028539206741
3243521138856820741
3242435312628596741
3350111940260724741
3242795249242996741
3244609456518004741
3382769739887476741
3243883595535220741
3382846529213300741
3028545459327
30028548176327
3382656550541787141
3243159828158939141
3242432310450651141
3382769649785307141
3242422303881691141
30000032723141
3382768506321371141
3243522235554267141
30000035248141
3382769289591259141
3382769497733595141
30028548274141
3242434424199643141
3382769770887643141
3242436388878811141
3372320684882395141
3028550093141
3382848169949659141
3243882812684763141
3382860805650907141
3244608607762907141
3359149498546651141
3382844080667099141
3382844661234139141
3242797528226267141
3242431064037851141
3382846446623195141
3244376464595419141
3243884421347803141
3382846642862555141
3242231821310427141
3382846656330203141
30000037813680
30000032496680
30028546427680
30028550203680
30000036559680
30028540206680
30028545409886
3382846686516346886
3382768894949326853
3242797082040270853
3242625278818254853
3382768954030030853
3382769346369486853
3382768608163790853
3243160818849742853
3382767729645518853
3243159713839054853
3382769683838926853
3382769871525838853
3242761597712334853
3242800181966798853
3242446537504718853
3188172235888590853
3382859919734734853
3242193712371662853
3242637822760910853
3382768789747662853
3382860786390990853
3319368458016718853
3382763867224014853
3382846369339342853
3242438523582414853
30028548882944
30028548962944
30000035900944
30000038579944
30028550599540
30028542620540
30028550557540
30028549273059
30028550827094
30000038245094
30000034186094
30028548155994
30028548449994
3028539114994
30000037572046
30028543706832
30028540430832
3382846721354301447
30028541860426
30000034205500
30000036820106
30000034354106
3243158502003900421
3382769632761020421
3230516294661308421
3382769666151612421
3190648887219388421
3382769876227260421
3209109146268860421
3382769418351804421
3382769225233596421
3270753547449532421
3283420307756220421
3377656001664188421
3326037070673084421
3382859191645372421
3382860197057724421
3331747752055996421
3382860719936700421
3382860796318908421
3188215913239740421
3242423476835516421
3243158952539324421
3274109833868476421
3382846099993788421
3382846189663420421
30028549269421
3382846461064380421
30000031884455
30028539208394
30028548528620
30028548799620
30000037337220
30028544538220
30028548772271
30000035422446
30028544026432
30028545015432
30028540787432
30028546449425
30028539878425
30028546948425
30028538504866
30028544363866
30000031498866
3382768653818658821
3382691544857378821
3382768629357346821
30000035397821
3242429201955618821
3382768507722530821
3242796541877026821
3338220322183970821
3237475032849186821
3244608821508898821
30028544991821
3196946307242786821
3297998489344802821
3382860512934690821
3242433025243938821
3377235038845730821
3382845775887138821
3242434677963554821
3242794872716066821
3244609133837090821
3243883866667810821
3028549167276
30000034956393
30028539182393
30028541470083
30000035001083
30028541209026
30000038098034
30028546290034
30028542829952
30028545298695
30000034863695
30000010858904
30000036418904
30028547782904
30000025670904
3382769718836396037
3382347794234540037
3242292672314540037
3382767722175660037
3382769179344044037
3382860885351596037
3382769506516140037
3382768866163884037
3382769861459116037
3382769356209324037
3243521513807020037
3382768643177644037
3242796766813356037
3257684809563308037
3382859096480940037
3382860756548780037
3382847135046828037
3242303636397228037
3242794468687020037
3382860809526444037
3243747149331628037
3242798471281836037
3242431937363116037
30028543751542
30000011392542
30028546068343
30028549023343
30000037739219
3242795358936367109
30028541623109
3243521907907887109
3382768550550831109
3382769755020591109
3242797092232495109
3382769684954415109
3382768878247215109
3382769888886063109
3382769230044463109
3243159788510511109
30028549321109
3243521641577775109
3382860792397103109
3333519708568879109
3283399606508847109
3382767556345135109
3242545103879471109
30000035352668
3382768427460067333
3382769442645475333
3382769193428451333
3286998332540387333
3382769951737315333
3243159373571555333
3379788682225123333
3242797514376675333
3238578098398691333
3242430816364003333
3382841391556067333
3382844695102947333
3353813793859043333
3283773288859107333
3243156846323171333
3328388849264099333
3382846636549603333
3243882196428259333
30000034194427
30000030582427
30028547160427
30028548772306
30028540239306
30000025678239
3028540646855
30028540741883
30028545304555
30028542978857
30000037691857
30028546378857
30000034505857
947181236168687616
30028546035616
30028539071616
30028539500616
30000035901173
30028549023173
3382769424832135173
3242796064380551173
3243159921948295173
3382860886873735173
3242793667516039173
3242794049181319173
3382401875179143173
3382769756354183173
3242431769687687173
3382754100754055173
3230238483568263173
3382769199724167173
3382846661883527173
3382846719547015173
3382846608578183173
3382858368882311173
3243884713891463173
3243150541043335173
3382769998739079173
3187097990051463173
3243749572343431173
3210578808534663173
3382846413371015173
3242439308957319173
3242796044637831173
3310344238904967173
3382846559639175173
30028539496071
30000036962071
3243520220161769477
3242797579929321477
3243519076148969477
3242802542831337477
3243159800317673477
3243884074600169477
3242436383606505477
3291772140300009477
3242373641537257477
3382847187928809477
3212505321228009477
3382860597470953477
3242793265735401477
3382860726429417477
3244607766767337477
3242433442350825477
3380618093962985477
3382842281641705477
3382409178343145477
3382768354395881477
3242432793664028677
3243155305298460677
3338217657563676677
3220346387495452677
3242431709788700677
3270105922492956677
3382767685614108677
3243486070364700677
3242433875106332677
3242292145551900677
30028547632677
3382758441556508677
3382858281007644677
3277633622669852677
3382858997905948677
3382859942140444677
3382860599605788677
3242441538787868677
3242296689203740677
3382843267168796677
3382845891557916677
3382767986055708677
3382846667872796677
3217477647606874117
3382411994604634117
3382769837597786117
3243874207999066117
3244608515425370117
3382769398752346117
3382769913783386117
3199003309376602117
3242432132834394117
3242435807036506117
3242435274892378117
30028539876117
3358124706464858117
3243160791737434117
3382860797723738117
3187300516701274117
3242437592761434117
3382758359696474117
3242435882706010117
3268664424907866117
3261779843972005893
3242640531446693893
3382769575869349893
3242435078003621893
3382769375943589893
3243462100114341893
3382769954945957893
3272649513950117893
3382769841331109893
3242796390710181893
3382846696356773893
3274441673464741893
3382859480439717893
3378678932904869893
3382860139281317893
3382860807052197893
3382843065670565893
3382843766987685893
3382846415862693893
3242437240863653893
3243000011889573893
30000037334009
944291752347435009
30028545409846
30028539475415
30028550405238
30000033903238
30000026070238
30000032731694
30028540304519
30028539000519
30028547136995
3028545939995
937066089869737984
30000034373626
30028541187626
30028549732626
30028540841626
30028547492586
3028539120586
30028547921434
3028545516434
30000037333999
30028543812329
30028549771192
30000027835113
30028540299113
30028540679113
30000036294917
3382769425641766917
3359146560336166917
30000012909917
3242434116522278917
3321196895908134917
3338492767113510917
3382768843321638917
3242435472511270917
3382768539070758917
3310592214495526917
3342496311374118917
3242796316856614917
3382818087252262917
3382846664446246917
3382769071306899461
3382769826453651461
3382846975604883461
3244407989860499461
3379195593169043461
3243524261378195461
3242793108986003461
3382769563097235461
30028543678461
3242807086856339461
3243159914477715461
3242432615397523461
3278409997236371461
3382846846458003461
3243353985095827461
3198266822482067461
3275911084390547461
3382845764139155461
3284498435283091461
3242163342825619461
3242431063505043461
3244605019862532101
3382432274609668101
3242431171819012101
30028550220101
30028548721101
3382860888790532101
3382846644237828101
3242150469072388101
3220865014896132101
3242787393000964101
3382860587832836101
3242795546203652101
3291849225819652101
30028539412101
3242153029694980101
3242170533230084101
3243521001682436101
30028540217548
30028539383548
30000012091240
30000032867240
30028540366240
30028544098240
944291477444362240
949018973427466240
30028548723615
30000032724756
30028539956756
30028538612362
30000034570362
30028540363362
30028550243404
30028545555255
3028545159255
3382860884680114182
30000037313182
30000032803182
3185532026519683077
3242431541739651077
3242436156178563077
3382769085907075077
3243158231924867077
3243884200870019077
3250058817486979077
3382859426840707077
30028538953077
3382860733350019077
3382769903599747077
3367924511711363077
30000028730077
3242796208668803077
3243884608438403077
30000034816934
30028542466934
30000029839934
3382769088491159557
3242546006199959557
30028547818557
3242434441203351557
3227847373172375557
3242431345462935557
3382767436287639557
3382768240897687557
3382769630269079557
3197173898423959557
3242430876749463557
3382860510523031557
3241841953123991557
3382768436801175557
3237766408212119557
3382845276630679557
3382845115313815557
3217184427773591557
3242271527276183557
3244609181388439557
3243159947373838341
3382768070323470341
3243159966256398341
3242797293735182341
3242431339318542341
3379095807585550341
3255224526957838341
3382769820724494341
3382769361800462341
3382769699966222341
3332436680387854341
30028545383341
3382769543040270341
3382847956593934341
3222510459661582341
3291497369414926341
30028545287274
30000034311274
30000033836274
3242796215417503749
3382449188002463749
3382768697162399749
3382769737341599749
3242171526101663749
3242146561612447749
3382769828756127749
3382769494088351749
3382748896361119749
3382857614645919749
3382860437412511749
3382768338197151749
3382860702710431749
3382860748675743749
3382860821035679749
3243151673719455749
30028548774749
3244608836197023749
3244602275781279749
3242435203652255749
3243159978973855749
3242434796976799749
3279519403768479749
30000010904749
3243522311060127749
30000032874854
30000034187854
30028547676727
30000010770727
30028547071727
30028545287673
30028539018659
30000012586659
30028549907659
30000011340870
30028542804281
30028544066281
3028539136281
30028540303281
3028545332281
30000034767281
30028539181577
30000028665577
30000012411969
30028549023347
30028546678360
945375024628367360
944291752297103360
30028547523156
30000037657162
30028540814236
30028542227236
30028544176985
30028541723985
30000033767672
3028544606672
3028544882403
30028548974290
30028540174290
30028548722290
30000035080290
30028543394000
942762428989440000
30000035855386
30000032659386
30028550128510
30028542202262
30028549952262
30028547319369
3382860791181017093
30028548732093
3242433025625817093
3375285479198425093
3243885076770521093
3197313994305241093
3382769753812697093
3217816903831257093
3382768711372505093
3382769367764697093
3382857536753369093
3382859031162585093
3382859904446169093
3382860705205977093
3244609181568729093
3304470310407897093
3382843365265113093
3382759076515545093
3242434977378009093
3264983826149081093
3242191340564185093
3382769348898521093
3382846479527641093
3382846620544729093
30028542087054
30028550056693
3242435331025010693
3242797048309874693
3382768506644594693
3382769376094322693
3244414422157426693
3242382486988914693
3243159117195378693
3382769211975794693
3378330721216626693
3242799364622450693
3382769816668274693
3243883199588466693
3382858487744626693
3382859604134002693
3382859811571826693
3382860163205234693
3382860565145714693
3382768869795954693
3382844968282226693
3334979697862770693
3382767907743858693
3242434280360050693
3242437090183282693
3382846613842034693
3242796377606848517
3382769732618944517
3242172814813888517
3243158971828928517
3242439033047744517
3382768026938048517
3382769487612608517
3382763326188224517
3382767913339584517
3242215813761728517
3242428973361856517
3382768998091456517
3382858463300288517
3382858014173888517
3242433782483648517
3242795928275648517
3382767925938880517
30028539172292
30028538719279
30000033525279
3382848020259143685
3382768885449031685
3325941043618119685
3213951851331911685
3242198387720519685
30028545443685
3195010359017799685
3196175645016391685
3244565631803719685
3251928358764871685
3382859435925831685
3244608685621575685
30028546214685
3242798402994503685
3244279114006855685
3245856948560199685
3382846526898503685
3382767622603079685
3382846634033479685
3382846640857415685
30028541896488
30028546582675
30000034467675
30028548723675
30028548045055
30028541910055
30000038275055
30000028168055
3028547300055
3242190922060595205
3382768754225971205
3242797042840371205
3243883867468595205
3379415014085427205
3382769280602931205
3368914235192115205
3244609490604851205
3242433776808755205
3268200850674483205
3382846723355443205
3315328353899315205
3382860558979891205
3382844419986227205
3279203977351987205
3382846091424563205
3382846407390003205
3382846387458867205
3382846510322483205
3382768750921121797
3244609093739937797
3242435694675361797
3377239627187617797
3382769740957089797
3382769333601697797
3243524280231329797
3382769991574945797
3382769495082401797
3382846627440033797
3242433562232225797
3382858985448865797
30028547231797
3382859735524769797
3382860632925601797
3197225117943201797
3382844882961825797
3256591658173857797
3242407067682209797
3382846543734177797
30028548728980
30028540535980
30028540894366
30028547137366
30000037200366
30000035491582
30000038571582
30000013517582
30028549647332
30028548585332
30028542418332
30028538812947
30028547898578
30028538473578
946109827661168641
30000034218328
30028548689005
3213618695135232005
3320149027692544005
3242439346110464005
3242433594318848005
3382769177296896005
30000034170005
3243521415651328005
3382768995180544005
3382769849614336005
3382763750899712005
3382769496047616005
3242434699862016005
3212075098636288005
3242797537558528005
3382858410573824005
3382858608402432005
3382849912045568005
3382841742581760005
3357717769445376005
3242416241614848005
3382846456815616005
3243159888347136005
3242156765536256005
30028547502286
30000032557286
30000033902286
3028547318470
30000032704470
30028548815676
30028545850676
30000035218926
3382769248835403781
3382860905412427781
3243884376610635781
3242432148412235781
3382769613395787781
3379528406275915781
3242164490999627781
3242797662410571781
3242302250825547781
3242279737366347781
3382859977922379781
3242434111354699781
3382860523009867781
3242434416310091781
3382860814866251781
3382844386998091781
3382844427548491781
3382764723009355781
3363314445686603781
3382846389253963781
3382846434514763781
3242433337497419781
3382846612952907781
943424531232456705
30028548728705
30028540431550
30028550050550
30000036515550
30000032957087
30000034866350
30028547638350
30000035824350
30028548827910
3382847857494982661
3382769299393478661
3210346322701254661
3382769313221574661
3242194811325382661
3242252716493766661
3382769868942278661
3242797204769734661
3242425047673798661
3382769744882630661
3382846732897222661
3382846815390662661
3382860583537606661
3202399446969286661
3382860763900870661
3374776538475462661
3382843783424966661
3242434392247238661
3357531865443270661
3382684652579782661
3232661380475846661
3382846511819718661
3242388385098694661
30028547955636
30028540205636
30000035822001
30000035240001
30028545819001
30028539256490
30000034506490
30000009335504
30028539956345
30000037332758
3382769670480330758
30028540424016
30000038130475
30028550939876
30028548616887
30028548828887
30028539172193
3242217572492050437
3242449661338386437
3242434722620178437
3382769772913426437
3242434930418450437
3382768585392914437
3242425699967762437
3382769972658962437
3243159734764306437
3382769802453778437
3242797015401234437
3382769736393490437
3382769071776530437
3382769837916946437
3382857932653330437
3028541102437
3243884690260754437
3382846811620114437
3242431834850066437
3382842078159634437
3382843051942674437
3255980284510994437
3382846371210002437
3382846404428562437
3382846558200594437
3243159904789266437
30028544456834
30000032972134
30028539403134
30028548720612
30028539489147
30000034185495
30000029725495
30028544766204
30028539527801
30028548229801
3028547584801
3028543709801
30028542675137
30028540655137
943642000685531137
30000036827391
30028539182671
30028543672731
30000037782321
30028542331321
30028550895767
30028550012767
30028548155270
3028538707270
3382860834663235590
30000036205590
30028547171590
30028538431970
30000037309970
30000034319970
30000035332970
3382769079724933125
30028551004125
3253341903981445125
3382769320020869125
3242432917244805125
3382769555778437125
3242797700213637125
3382769851296645125
30000038028125
3382768734038917125
3245094272871301125
3382846711409541125
3259882281241477125
3382860487936901125
3382846786202501125
3244468430130053125
3357455198628741125
3242315165297541125
3243158584716165125
3382846427745157125
3242433765362565125
3242795536829317125
3257406820682629125
3382768683019141125
30000037751100
30028543064921
30028540922968
30028538688968
30000034205228
30000009462852
30028542913439
30028550478439
30000036334011
30028540894011
30028545287599
30028543193599
30028539271136
3028548231136
30000029205538
3028545212185
30000033212871
30028549950871
30000025319657
30028541810657
30028548197412
30028548722655
30028549032652
30028540805091
30000038578091
3028545283091
3382769394486280198
30000037856974
30000028340974
3028540739974
30000027910337
30028539511337
30028549647337
944291655068942337
30028541006135
30000034865135
3028546439135
3242150469378506757
3382860865323466757
3382768845267402757
3332082897699274757
3221831904682442757
3250810257646026757
3242223692325322757
3243157556683210757
3244609336459722757
3382769655112138757
3243882991886794757
3242428246081994757
3382846724391370757
3382846712160714757
3382859349959114757
3382859453948362757
3382859622244810757
3382847377490378757
3242436888265162757
3382860828107210757
3242433488085450757
3244371899539914757
3242432995598794757
3242597094253002757
3382846379590090757
3382846399152586757
3242433449804234757
3382767420236234757
3242434692899274757
3242432233988554757
30000037059516
30000032713516
3028548133862
30000036102862
3245381189680889862
3028547508265
933054893747339265
3382860871657062405
3243522132067942405
3382768536684134405
3243057870169702405
3382404689380966405
3382769654810214405
3237012389357158405
3382769355089510405
3382768323307110405
3382769550124646405
3271455909709414405
3365030694225510405
3242796896773734405
3382846831756902405
3382860517230182405
3382846966834790405
3242435607299686405
3244609434027622405
3382860871304806405
3382860818187878405
3382359872013926405
3382841685345894405
3183090510366310405
3272179727205990405
3382846432585318405
30028539614405
3382846655080038405
3242796851919716357
3382769085127524357
3242597054511972357
3242790490381156357
30000038525357
3382769575353188357
3243518115011428357
3242438997400420357
3243013001509732357
3382768620092260357
3382769212357476357
3242297880042340357
3382768402856804357
30028546471357
3382858496351076357
3382860521315172357
3245020712295268357
3242432337369956357
3382847093955428357
3243521134926692357
3265034154089316357
3382846486305636357
3382846595529572357
30028544406463
30028544709463
30028548646738
30028541892738
30000011042738
30028538385738
30000036182738
3028547446080
940268587141038080
30028540247361
30028548727004
30000037329004
30028539123004
30000036276435
30028541605435
30028547523176
30000034597176
30028539124176
30028540573508
30000035711418
30028545390418
3242434071999741957
3242796955833597957
3242205745632509957
3377243543786749957
3382768250049789957
3243884437910781957
3242797049156861957
3382769126847741957
3243516618470653957
3382769690973437957
3287025243895037957
30028540348957
3242795377194237957
3382858889475325957
3382859723805949957
3382859642369277957
3242433320514813957
3382860647781629957
3242434300933373957
30000034254957
3242411411567869957
3242161215575293957
3244609088132349957
3243161369351421957
3242794473673981957
3382846497076477957
3242428533018591237
3382768787034079237
3382768028741599237
3243157845192671237
3382769771491295237
3242799412228063237
3382769581174751237
3195036838858719237
3382767782326239237
3382768286699487237
3242433349644255237
3379539273101279237
3244609142960095237
3382769883516895237
3242301053792223237
3377605438754783237
3242795328901087237
3382769332121567237
3382768916377567237
3382846731194335237
3242435209482207237
3281273970675679237
3198614343200735237
3382860701028319237
3382860806410207237
3242432254930911237
3382860828430303237
3245482664587231237
3382846443524063237
3242436968632287237
3242193539968991237
3382846638215135237
30028548658890
30000037761890
30000037476890
30028545448938
3242433580033179653
3382769383384219653
3382769524778139653
3382769488061595653
3382769513923739653
3242434113766555653
3242430874895515653
3382769172628635653
3382769856644251653
3382768057812123653
3382768947340443653
3382769865548955653
3234597014807707653
3382769936155803653
3246078542415003653
3242434869970075653
3382769730290843653
3382860734989467653
3241064836392091653
3244280752620699653
3242434385003675653
3243159825630363653
3382769390074200069
3382769037580632069
3243158273653080069
3242796697049432069
3264998574324056069
3242161803516248069
3242794287241560069
3243883017648472069
3382769847597400069
3242792923224408069
3242434995665240069
30000035861069
3382846687959384069
3242795716639064069
3211314905250136069
3242794670160216069
3243159342987608069
3263614907857240069
3250183218190680069
3382843891579224069
3182799744981336069
3382846419704152069
3197531364751704069
3382846578727256069
3292924438305112069
30028550792714
30000036544497
943449599949930497
30000034523497
30028542831272
924273183421366272
30028547335280
30000037741735
30000037885450
3028545095545
936685200467820545
30028540207790
30000026232826
3382860883220561925
3369029282920529925
3381264072374353925
3338942269528145925
3242372949317713925
3382767655884881925
3244603467642961925
3242434878748753925
3382769720014929925
3382768828545105925
3377242610227281925
3317242962311249925
3382768515725393925
3382767896721489925
3382429697587281925
3382769585985617925
3382769226676305925
3382846691088465925
3382857162340433925
3382859605874769925
3366786888480849925
3362518620911697925
3242791777826897925
3367196470450257925
3243883346565201925
3243160051841105925
30000034198809
30000036379809
30028549001809
3242283951127527429
3243525087689703429
3242434120842215429
3230491121933287429
3382769601403879429
3382769171127271429
3314687772269543429
3263831090363367429
3382769946901479429
3243520595606503429
3382767896067047429
3237420453780455429
3382846696029159429
3382846706146279429
3382375828593639429
3382858484284391429
3382860682804199429
3242149978414055429
3382774670916583429
3242434676407271429
3243158911196135429
3382846622096359429
30000035230226
30028539040089
950083362213593089
30000035838959
30028550535900
30028548721900
30028548764099
30000037654099
948950081199931392
3243521122101035013
3382393512609579013
30028550900013
3382768372049707013
3243159742678827013
3377968178505515013
3200868975118123013
3382767768962859013
3382767445305131013
3382858148333355013
30028545177013
3242433103669035013
3382768275081003013
3235311213217579013
3382769524090667013
3382860788655915013
3382860860139307013
3382846879131435013
3382841524930347013
3376213512750891013
3382843693205291013
3380169950414635013
3242435932030763013
30028548821287
30028548727287
30000037313792
30000028400792
30000036773543
3028546240543
30000038457628
30028544377628
30028540973123
30028548722123
30000037125395
30028543835395
30028542340459
30000034636423
30000034310911
3028540892911
30028545709152
30028550435308
30028548089308
30000033291553
30028539243320
30028540311209
30000035709209
30028548831209
943835569438326785
30000025519807
30028541623212
30000025181212
3242848494351089669
3242797136851697669
3314304620409585669
3382860854842097669
3382769628902129669
30028547638669
3377670398243569669
30028550359669
3382846717235953669
3382846651183857669
3382856825344753669
3242160245273329669
30000035422669
3382844146488049669
3242428944438001669
3382846430114545669
3382846466290417669
3242432228225777669
3243519140098801669
3382846625501937669
30028550227224
30028547963224
30028540733224
30000035433698
30000034807750
30000032882750
3382758216679096325
3243520425778872325
3243158869827256325
3382769662942904325
3372571548516024325
3287888536436408325
3382857521364664325
3382858688257720325
3382858866007736325
3238132649770680325
3187141353119416325
3382860749242040325
3382769674116792325
3382843426594488325
3242163130212024325
3244609333075640325
3242191089958584325
3382846506950328325
3243521362132664325
30000037326178
3028547518178
30000035655751
30028548723751
3242435878469500933
3382768509173628933
3382769877393276933
3242434949242748933
3382769273241468933
3382860887670652933
3382763652333436933
3382768585719676933
3242797611294588933
3242798409965436933
3235986948890492933
3242438449217404933
3382860262358908933
3382860612575100933
3242435119300476933
3382860795567996933
3382860846767996933
3382842515226492933
3341441464524668933
3242795717214076933
3202982757080956933
3242855162396540933
3382846615502716933
3382768516693884933
3382767994054508549
3382769113401196549
3382518750848876549
30000028812549
3382767953323884549
3382769015015276549
30028546315549
3382767813011308549
3382769860863852549
3269635880093548549
30028539465549
3382846831773548549
3382769445988204549
3382846479263596549
3382769869751582725
3382769281320222725
3382769255302430725
3382769097467166725
3269635913458974725
3355270193210654725
3242442366067998725
3242797282452766725
3382768152544542725
3382769825195294725
3382768394577182725
3380204727633182725
3294720873514270725
3382859051132190725
3382860391408926725
30000035809725
3294035072476446725
3382769451541790725
3382846485546270725
3382846668334366725
30028545577339
3028539465339
30000034230257
30028539500894
30000035011318
3284502262258073605
3382768780171673605
3382769920498073605
3242431761693081605
3244605161290137605
30000032916605
3242433602984345605
3194022731766169605
3382769508915609605
3382768916822425605
3243884639639961605
3382857709549977605
3242155378031001605
3242431884204441605
3382846816237977605
3242434253986201605
3242402685557342213
3382769101216350213
3238947493599838213
3382766835759710213
3382769314241118213
3242141619321438213
3242478785960542213
3382769572887134213
3382846615796318213
3382858742405726213
3310926381963870213
3382859231369822213
3242622289361502213
3382860077398622213
3242440098921054213
3242797069138526213
3242433492720222213
3293956045896286213
3382860832209502213
3229837143251550213
3243521511701086213
30000038198213
3248602684045918213
30000032882213
3382843913615966213
3245406022883934213
3382845664385630213
3382846603557470213
30028539114213
30000037582468
3028548663468
3382768767249547269
3242432981208203269
3242793515003019269
3349749682162827269
3382860914723979269
3244399404158091269
3382860924857483269
3378577162833035269
3382765673090187269
3194328634961035269
3382769742425227269
3382768850275467269
3280877097733259269
3243691288759435269
3244390869281931269
3243521497738379269
3382857194884235269
3382859476782219269
3237033686535307269
30000036528269
3382860562050187269
3244608728910987269
3382860838702219269
3287406096911499269
3382845339880587269
3242430956932235269
3242434683055243269
30028551041524
30028549921524
930111734906093568
3028545825039
30028539227039
3216849633776762885
3382769725396090885
3243156557780090885
3243296178639994885
3243035437257850885
3382860898210938885
3382769631720570885
3382769497142394885
3242797218313338885
30028548772885
3382768497865850885
3382769674196090885
3242789174514810885
3382860632052858885
3382860591314042885
30028539057885
3382860827776122885
3242427626042490885
3382846236488826885
3243052913529978885
3382846484837498885
3382846633727098885
3382846641427578885
3242170526405754885
3372998577073618949
3310354540891602949
3382767575920082949
3382768553373138949
3252713325178322949
3274713245248978949
3382769652633042949
3382769089523154949
3382846740614610949
30000037070949
3242435174157778949
3382840658865618949
3382846417300946949
30028548770949
3382846603947474949
3382768016133586949
30028550883057
3242579506382831621
3242132529358831621
3382769287817199621
3242803974506479621
3379416880957423621
3243180128200687621
3382417867016175621
3382674855512047621
3382769601693679621
3382769747445743621
3382769753925615621
3183108974757871621
3382769727170543621
3382857376606191621
3382859523393519621
3382859472340975621
3242796496758767621
3244608691455983621
30000035463621
30028549686621
3382846373717999621
3382846393108463621
3244256674203631621
30028544605621
3382767384668143621
3382846514743279621
30000030987035
30028548828227
30028547120256
30028539032299
943465442469478401
30000036136401
3292871490455863301
3242802237720887301
3182342176311607301
3382768348842295301
3382769149069623301
3382761313077559301
3382767862638903301
3252616420976951301
3365367416990007301
3382400251644215301
3242433986070839301
3283773086517559301
3242796225882423301
3342541115361591301
3382769118849335301
3244379451984183301
30028545373712
30000009742960
30028547845687
30028546523571
30028538760571
3183164000234897413
3275425871130001413
3382769601228177413
3222890348785041413
3382860798684561413
3382860894113169413
3382768645631377413
3242434785471889413
3382768854289809413
3382769753623953413
30028548722413
3289257454849425413
3242796904705425413
3280595230190993413
3382858477145489413
3242436079586705413
3382859364240785413
3259134853844369413
3382846829219217413
3242438897814929413
3193294453476753413
3382769409707409413
3242796616363409413
3243159406497169413
30028542163297
30028548772048
944291752389378048
30028549295739
30000033524739
30000035462473
3382767993635209221
3242293868265865221
3382443103895945221
3282020761272713221
3382769273962889221
3382769764147593221
3382769344217481221
3242795093516681221
3382769738637705221
3382847664791945221
3243884249825673221
3382860860957065221
3382841932390793221
3355970884854153221
3382845889380745221
3382846506819977221
3382846573404553221
30028544599203
30028541621380
30000034605663
30028540837663
30000037779663
30000030893663
3028548003755
30000035062755
30028548767679
30028540653232
30028540874534
30000035089534
30028550897851
30028540205851
30000025947430
30000033565856
30000034604945
30028540241457
3242796837562810373
3243158393874874373
3028539039373
3326635666065850373
3382769401104826373
3382846778673594373
3355253830404538373
3382769580214714373
3242797379848634373
3257752933943738373
3379412668328378373
3242794983156154373
3382860501207482373
3207422134167994373
3382848149842362373
3382847414806970373
3382860664261050373
3242211560024506373
30028544641373
3382846446971322373
3382769407199674373
3244578420320698373
30028547105531
30028545861570
30000038225356
30028549935356
30028548799971
30028548789600
3028545942520
3028548076520
3028545334724
30000034831724
945723758503526400
947564595537510400
30028550716654
30028540209654
30028542476654
30000033613915
3382769727917064197
3382768825986056197
3307019705863176197
3382768768306184197
3382769759906824197
3382421191740424197
3382768220417032197
3243882534120456197
3382517704264712197
3382768245238792197
3244609413450760197
3382857756060680197
3382859701349384197
3253783099845640197
3382860578647048197
3382845768387592197
3382846393854984197
3382846566517768197
3378034073873416197
30028538655190
30000034163131
30000028745131
30028547149131
30028539227040
3028546080966
30028539242966
30028548799988
30000037070882
30028547183882
30000030981036
30000034905768
30000034477768
30000035410768
30028538885715
30000038453715
30028540205715
30000033043715
30000027211715
3382769374026989573
30028551040573
3258471656086765573
3382860898639085573
3243883668159725573
3242461328080109573
3243882967366893573
3201154244836589573
3382860441279725573
3382860531653869573
3382860728417517573
3382860590193901573
3263468057640173573
3382844125633773573
3382844228386029573
3382776966438125573
3242796369591533573
3283819164310765573
3382846600264941573
30000032734078
3382860926124163078
30000037365078
3382769497104515078
30028542509692
30028540210889
30000035527889
30028539539060
30028543681060
30028538393105
30000032920300
30028539111619
30000035855374
30028548265585
30028550913696
30028544271696
30028548542795
30028547559795
30028549944795
30028549080895
30028543873895
3028544930631
30028548724172
30028544652172
30000038389454
30028548723454
30028538655200
30028548725273
30028539208273
30028539198273
30028544811527
30000035723254
30028549696254
30028549002254
3028549588678
30028543043603
30028548913526
30028543725353
30028548771353
30028539270828
30000032779396
30028542982396
30000028652129
30000035498522
30028540431522
30000035995522
30000027922819
3242796535975772166
30000035856166
30028539321184
30000033288184
30028543816184
30000035809184
30028538462932
30000036216932
30028541629713
30000037578713
30028547114713
30028545030419
30028549836098
30000029280523
30028551305523
30028550634523
3028545248804
30028541338804
30028545868804
30028549577804
30028548724804
3382768964322852869
3382768468182564869
3382768807044644869
3382768171771428869
3242170525189668869
3382768702006820869
3382768446686756869
3382768660235812869
3382846677796388869
3382859736933924869
3382860310324772869
3382860408006180869
3243522087675428869
3382860666324516869
3243220868695588869
30028547414869
3242432599287332869
3382846764631588869
3382769411540516869
3242169502656036869
3314656397755940869
3382841889293860869
3245346971223588869
3382843918968356869
3382846390994468869
3382769736418852869
3244609507747364869
3382846665909796869
30028541060499
30028539478499
30028541623598
30000035725800
30028539505800
30028548941800
30028550306800
30000034948159
30028547538159
30028539481159
30028539368159
30028543520159
30000037844868
30028545261868
30028539206868
30000013578793
30028539473143
30000037702143
30028539367143
30000035552143
30028539413842
3382846783895699462
30000036275462
30028548769267
30028549981556
3243220181895544837
3242798409550200837
3382769310034296837
3297289749481848837
3382768538995064837
3382769888323960837
3382768481487224837
3242796749302136837
3382769762150776837
3382846665247096837
3242795283048824837
3382857861941624837
3382858607282552837
3382847450458488837
3382845914294648837
3382846384753016837
3382846448191864837
3382769978165624837
3243882261121400837
3382846651787640837
3244465899014520837
30028546725158
30028540973158
30028543197079
30028543747079
3382767835275198469
3382769301888958469
3242432762617790469
3382768873029566469
3242478564941758469
3382768734789566469
3382769857118142469
3382769035722686469
30000033522469
3242796444581822469
3382769789829054469
3242221813940158469
3243519919652798469
3382858878951358469
3382859643346878469
3382860030975934469
3242438397321150469
3382860677955518469
3201553427259326469
3382860759039934469
3382769649663934469
3382842269163454469
3382417604263870469
3242797184188350469
3243526874685374469
3028539117469
3242434081030078469
3243522300444606469
30000037053469
3242435647078334469
3382768325320638469
30028545142149
3382767427059974149
3382769774805254149
3242746065789190149
3382768678879494149
3289271268999430149
3242144354771206149
3243505565016326149
3382769820082438149
3382768918307078149
3242437055324422149
3242632328487174149
3382859611390214149
3382860190556422149
3382769795080454149
3382860427534598149
3382847142953222149
3230513886044422149
3382842113810694149
3199041948664070149
3382843431518470149
3367984668008710149
3227248627032326149
3243883729740038149
3243884052701446149
30028549143964
30000033938006
30028540330385
30000028097399
30028540241399
3382769798611861509
3382769700406165509
3382767782544277509
3242796702049173509
3382860825830293509
3382860776907669509
3260935134118805509
3382767800034197509
3243522167858069509
3382769938080661509
3242797589324693509
3382859505689493509
3382860517917589509
30000036195509
3382860698264469509
3382860750865301509
3382840908317589509
3382842583597973509
3382843989025685509
3382844927165333509
3382845462274965509
3242794659259285509
3242459458003861509
30000037635465
30028544332465
30028548770951
30028546144951
30028550874951
30028551048174
30028540485174
30028539351160
30028543193160
30028548352160
30028538362160
3028546684160
3382768606448123909
3382769720396283909
3382768714279419909
3242432065087995909
30028548723909
3382769771768315909
3201519624251899909
3382769643497979909
3382768868592123909
3223342580869627909
3382859253221883909
3244608432146939909
3242796355922427909
3336024587602427909
3382844821334523909
3242796892785147909
3241919182709325829
3382769455882829829
3382860861817421829
3382767573705293829
3382769588347469829
3382769918124621829
3382769299472973829
3243521747345997829
3243158125183565829
3382425365152333829
3382846704837197829
3382859994309197829
3382860405883469829
3382769712955981829
3382860791390797829
3242432812974669829
3382851468165709829
3243877272101453829
3028549886829
3243158583779917829
3382846080926285829
3242411595743821829
30028538733041
30028539286041
30028549376041
30028540462041
30028548722902
3028545535902
30028548377902
3028548776008
30028548420704
30028545082704
30000037750704
30000027599737
30028538746737
30028548721737
923172544222068737
3382769209916456965
3377243846720552965
3244603426962472965
30028547382965
3243158414875688965
3382739922680872965
3382860869450792965
3256594454445096965
3242526494260264965
3382769144216616965
3243568605715496965
3206978288245800965
3363897254075432965
3382846725733416965
3382858084596776965
3382859658517544965
3382859452996648965
3242359206026280965
3242414042012712965
3382847115271208965
3382843267709992965
30028547600965
3242796071083048965
3382846056750120965
3382846291614760965
3242422461717544965
3234683707841576965
30000038322492
30000028937492
30000033454167
30000032578047
30028550696047
30000033238047
30028543232323
30000009469323
30028548782940
30000034836940
30028544022940
30028551328371
30028548831371
30028539019371
30028548853371
30028550493471
30028548131471
30028548233340
30028548827340
30028539491420
30000035466090
30000038095090
30000025082864
30000035813864
30000035863864
30028544840864
30000027537864
3382769557896757253
3242793960488501253
3382769333165621253
3320009043287605253
3310382063926837253
3367564683058741253
3242801726078517253
3242434328297013253
3382769852898869253
3243159973764661253
3382768421248565253
3243159954030133253
3242434658606645253
3382846733958709253
3382847945244213253
3382859587411509253
3382860090555957253
3382860386778677253
3382860680724021253
3242797481614901253
3203528854232629253
3382769516133941253
3382845486333493253
3382768514399797253
3188214518390325253
3382846631378485253
3242433931419189253
3028548231382
30028548771382
30028549762382
30028548853382
30028549076456
30000037571018
3382769619024609285
3300149915269857285
3382769399175905285
3242797450459873285
3382768963680993285
3382769657993953285
3243520070793953285
3382768742767329285
3242175264635617285
3185214728583905285
3242435691420385285
3382769802541793285
3382768592141025285
3243159464647393285
3382860877642465285
3382847587654369285
3382460120292065285
3242432285465313285
3242428020202209285
3242161201838817285
3382355016628961285
3242418860194529285
3318925958970081285
3212126665095905285
3382860439354081285
3382773938813665285
3345013100788449285
3382759743888097285
3382846504991457285
3242434029247201285
30000035731896
30028548721072
30000037585683
30000027780683
30000032979683
30028549787139
30028549450139
30028539438019
30000035849019
30000034179019
30028541070594
30028548720594
30028547653594
3382769791225757701
3325641753087901701
3382769502875549701
3242409549590429701
3309946150621085701
3269440656125853701
3382769704202141701
3274480583716765701
3382769557213085701
3243655891668893701
3382769915834269701
3184144218714013701
3243521765519261701
3243167886004125701
3382768310112157701
30000034809701
3382768578547613701
3382860450582429701
3382860562075549701
3243158640005021701
3243148544847773701
3382769830186909701
3382860737204125701
3382769560358813701
3230899244175261701
3244606494773149701
3382846435323805701
3242797030559645701
3382846516236189701
3242434262077341701
3242435181342621701
3243158391484317701
3382846660071325701
3242434295467933701
3322195177522200581
30000036836581
3382769527047192581
3237372101755928581
3382860861662232581
3258442011509784581
3237388134130712581
3242434370135064581
3375536595911704581
3382859564401688581
3353806788994072581
3242433681925144581
3382860649874456581
3382860688647192581
3242443088004120581
3258546195055640581
30000009467581
3382846280188952581
3243884166497304581
3242422983304216581
3382769306321944581
3382768071959576581
30000034194972
30000035406843
30000037757180
30028538945180
30028545382478
30000030846478
30000036861745
30000035124646
30028549229646