3382476516291837957
3382769658362527749
3242442890519576581
3213951851331911685
3242797567031967749
3382769501692952581
3242436673311408133
3382769945777143813
3242431620924047365
3379544109406224389
3242797634556067845
3244608978438389765
30028548802349
3382768498130092037
30028541138506
3382769742869757957
30028540225777
30028548853765
30028541897933
3242434355316719621
3382769889774796805
30028550435570
3382768286699487237
30028539321518
3243882353841012741
3382769636258480133
3382767807592726533
3242797579032068101
3242797662410571781
3382769184049856517
3229057446422970373
3382769120828850181
30028545078233
30028539019902
3243159828158939141
30028548772271
3382769851296645125
30028547126667
3298994297733251077
3242434058573643781
30028548721629
3243884529266655237
3243159199185633285
30000037568992
3236070575393538053
30000036835775
30000036322960
30000034640924
3382769914911522821
30028545409886
3242797379848634373
3379417504637845509
3382769399867703301
30028547117321
3321839323992227845
3382769809882218501
30028539285562
3382768154247299077
3382768156503834629
3382768611271376901
30028546717975
3382769943420141573
30000035004363
30028541623338
30000033629425
3202821260023365637
3377249505553743877
3382769726499389445
3382769578892984325
30028548721361
30000037329004
3382768868592123909
30028547354784
3382769076948172805
3244609470514528261
3382769954522267653
30000037332833
3242904335183708165
3242161803516248069
3243521837062029317
3382769969462902789
3382333393050009605
3244250249318170629
3382769701052416005
3382769843713540101
30028539470317
30028548727287
30028548826909
3382768972099026949
3242171314217746437
30028539258421
3382768549011390469
30028545203634
30028548417172
3242433696194297861
3382769912008998917
3382769886394187781
3382404689380966405
3243044348051849221
3382768679848312837
3243884117109637125
3242792105255370757
3028546081342
30000032543256
3382769457115955205
3377737283651829765
3382769859785654277
3382769863497744389
3382768535073587205
3273729162821828613
30000035225422
3382414280412233733
3382769903297822725
3382769440334610437
3263831090363367429
3243703487762399237
3243877272101453829
3242194491388133381
30028548723014
3242290374205177861
3243159497648308229
3382768906759962629
3382769914923843589
3242434354779848709
3242626419681460229
30028544025078
3242437055324422149
3382769080668454917
30000034244386
3237163167090671621
3382769454142193669
3381630878561730565
30000037312797
3244456751698870277
3244597280272613381
3242292367564996613
3243515555889872901
3382769619141918725
3242175021256867845
30028540617755
3382769537403453445
3382769282821849093
3382769911212212229
3382769333165621253
3382769058002632709
3382769816672731141
30028544148825
3382412635993735173
30028546595289
3242435596587368453
3382767631725625349
3261344991762448389
30000034999371
3242434378783653893
3375565299052445701
3382769334797402117
3243338560157515781
3382769485779697669
30028548740952
3382769826500050949
3382768845737426949
3382768292940808197
30028543622856
30028544402344
3242434433800339461
3276927442863456261
3242435180382257157
3382768957033086981
30000038216375
3242302907016019973
3244501376476250117
3242302250825547781
3243018036658438149
3242797282071019525
3382769199724167173
3243883863919886341
30028545409845
3382768645631377413
3382444274093981701
3382768525288144901
3382769240920358917
3332081156152950789
30028541623927
30028548528620
3382769654697033733
30028548724129
3242794367860146181
3382767685614108677
3242420169790521349
3242794983156154373
3382768886346809349
3382767558472040453
3382769904085762053
3382769498505150469
3244252392310112261
3382769723109998597
3243521464733728773
30000036967650
30000033184568
3242161515522621445
3244609235469926405
30000025514918
3382768274582405125
3242082764440993797
30028550959112
3382768904998748165
3379055410037391365
3242435182340997125
30028546136291
3244309257198370821
30028540892353
3382411652269998085
30000035927187
30000025621739
3242797611294588933
30028548771585
3242432551249969157
30028544188994
3242434478981382149
3382768280890703877
3242796486537248773
3245388921955745797
3242796810853679109
30000037844500
3382767793545543685
3382768608318455813
3382768444304654341
3382769896070709253
3190648887219388421
30028540660909
3382769497733595141
30028539057606
3244601903733604357
3382769947857715205
3257389647419146245
3242434255672377349
3246065261319225349
30028538962388
3323388093368303621
30028540617103
30028549777479
3257741391093628933
3382768790062432261
3382769173740257285
3244462350679408645
3382769238827728901
3243159525531516933
3382769896939192325
3242684417137246213
30028545908219
30000035727616
30000033260985
3243516618470653957
3243522175554551813
30028544149333
3382769856644251653
30028544136942
3382769009122476037
3242796213299576837
30000038570963
3243166139098071045
3242434083651649541
30000036657677
3184849977198641157
3242433642620583941
30028545595929
30028542804281
3382769797181669381
30028541366154
30028550670595
30000037691857
3243146089154674693
3242434386123620357
3382768423651704837
3382769579866324997
3250158864887250949
3242436875829116933
3382769784795955205
3242426580352172037
3382768664543166469
30028550203680
3382768650513350661
30028539021063
3382769047412211717
3242798622088167429
3382769807780675589
3382769064504131589
3382768866163884037
30028548726003
30000037143375
3382768418350301189
30000028399130
3382768245238792197
30028539321275
3382769647084240901
3382767729645518853
3382769643179212805
3382769019985592325
3324026293200289797
3379419893667266565
30028544991821
3242434949242748933
3382768760521359365
3028548134589
30000035928239
3382768884392132613
3382768675918118917
30000037741297
30028541321958
3382769611462082565
3379417082329956357
3244607927043620869
3382769747445743621
30028539608794
3382769565295443973
3382769353164259333
3379775864910512133
3243157915698724869
30028541363325
30028545577339
3242190944240140293
30028548721174
3382769185392361477
3382768685011369989
3261953530016825349
3382769152034471941
3243621430390620165
3382769712129638405
3382769835940970501
3382769245366321157
3382769146850574341
30000011461201
30028540367224
30028543751542
3242437549685800965
30000012411969
3382768773591203845
3382769813858418693
3382767503467544581
30028551083579
3382767405098467333
3382769122145927173
3243158817772535813
3382769165158776837
3243883199588466693
3226674421949136901
3382768409362038789
30028547535383
30028548801105
3382723964256124933
3382768535220256773
3382769195387322373
30000033972216
3242797316913233925
3382766600400732165
3382769109646835717
3242443352153128965
3242435472511270917
30028539271136
3382768608918437893
3382769516133941253
30000035515304
3237779884422725637
3382769709004488709
30000036218010
3243159867573272581
30028542174387
3382769457703354373
3382769727392645125
30000037134349
3382767643444576261
3243170054979387397
30000037221829
3200483627372052485
3382768984439062533
943468172500008961
30028548723964
3028545282467
3321530431227822085
30028539329940
30000027436116
3382768916377567237
30028550064191
3382768994094088197
3243885135708487685
30000034472189
3232683934154424325
3382768822329081861
3382770001020452869
30028548720742
30028548874647
3382769821831266309
3242777659460091909
3382768430941339653
30000036272024
30000029839934
3244609443460743173
3242198387720519685
3382769738843291653
3242297880042340357
3382769696568705029
3242435141253529605
3266233410175172613
30028540997689
30028541742927
3028548432478
3206224897970077701
3302269176473780229
30028548965587
3382769866593140741
3382769821089333253
3382769837916946437
3299368208396451845
3242796362130063365
30028539305455
3382764184003346437
3217099015814381573
30000033257861
3377669970596462597
3382769827267543045
3242432236387893253
3244594095907274757
3382768797238820869
30000032819855
30028542978857
3244609473542356997
30000034185495
3382769533095378949
3382769846099574789
30028542344056
3382746780535554053
3382764821596143621
30028548183084
3243167886004125701
30028547788358
3244609661195780101
3382769819029471237
30000010815390
3382769851216691205
3382769946922647557
3382769803439636485
30028550229587
3382769684153434117
3382769550099677189
3382767825145692165
3242434869722611717
3382769446219153413
3242797136851697669
3382769820724494341
3382769141469544453
3382525088933019653
3382769628902129669
3244606240014991365
3382769808170614789
3382769759755829253
3201623239410909189
30000037654892
30028540448924
30028544041741
3382769992514404357
30000032981810
30028548333643
3382769797638914053
3382769936428040197
947821302788390913
3382768625771216901
3266116194389852165
3382768368345743365
3382769953121566725
3382769591690395653
3242433708102057989
3242161201838817285
3382769595733639173
30028548453643
3243524280231329797
3382769145755992069
3382769741627981829
3382769860817453061
30028550305660
30028539456794
3274109833868476421
3242745773815234565
30028550884375
3382769412656201733
3382769851082866693
3242798386225807365
30000038245094
3242797559347937285
30000036559680
3382769625638502405
3382769278488739845
3242797271668948997
30028545022840
3358139590070173701
3382768863735250949
30028540386699
3382769933265993733
3382769856980123653
3028545323720
3382768629462007813
3382768173906132997
3242793667516039173
3382663954146852869
3382769556122501125
3307019705863176197
3243522297952534533
3382769902676738053
3382769504633225221
3382768621535166469
30000032882750
30000038275651
30028542344513
3244609296760766469
3242434566503989253
3379412668328378373
3382769898578903045
3382768723158958085
30028544721601
3382769592168218629
3382768482149924869
3299002169854656517
3237438508359286789
30000034744768
3321211824329457669
30028549768756
3382768995381411845
3343198453693415429
3242797275334770693
3242434873208406021
3335439148034359301
3382768299034738693
3244607536915152901
3243884062662983685
3375903608027021317
3379539273101279237
30000034161048
30028546712538
30000037312168
30028541716629
3382768629965717509
3242489314229944325
30028546455583
3209566146627174405
3242611453322854405
30000033212009
3382769727576866821
30028547500231
3382769434328301573
3243511022212349957
3243655891668893701
3382769790965776389
3382769131839356933
30028548721485
30028546448304
3212075098636288005
3197893527538368517
3242431255277076485
30028541943515
3382769388895731717
3382768057812123653
30028548773379
30028542691074
30000036785385
3382769725752868869
30028540205777
30028541396024
3382769863518978053
30028549907659
30000036773543
3242792791472865285
3382769823286886405
3243521610166960133
3363897254075432965
3382769750754983941
3382769793133969413
30028545409892
3382769988441997317
3242797565635395589
3382769890442280965
3382766572848218117
3028545331038
30028540224779
30000034174840
30000030940759
3188172235888590853
30000037980326
3382769913783386117
30028544840864
30028547216291
3382419127178035205
3193911236139220997
30000035213455
3382768824195612677
3382769857927839749
3243518115011428357
3382768395713708037
30028548131471
3242140475815952389
3382758380323602437
3242269648899014661
3382769604684349445
3281739895296229381
3194328634961035269
3382769571763060741
3382769498048102405
30000037710918
3242179333114822661
3242235020649955333
3242267952265363461
3382769577240756229
30000038407775
30028538558714
3242293002951720965
3242796064380551173
3242414914176352261
30028539955597
3382767987268386821
3382768759833886725
3244425817967755269
3377240208811819013
3382769314106703877
3382769202630688773
3242434208389922821
3028545265217
30028541668311
3382769044841037829
3242285804078759941
3242435221759131653
3243878791316307973
3242798623732203525
3382769857239973893
3242421527553572869
3242793541829918725
30028543850368
30028548272832
3257752933943738373
3244609455201058821
3242478564941758469
3382769187036266501
3242433828646354949
3382769262457978885
3260665349497618437
30000014027995
3235205544413757445
30000036827391
3382768687398256645
3242796951777968133
3382767815272497157
30028550382355
3217816903831257093
3382769737341599749
3242140583475216389
30028544803740
3242796070969999365
3377241212538126341
30000033386822
30028545810531
3242434547411386373
30000028147230
3377242551506698245
3382768677793366021
30000025325141
3382769245828022277
3382768998091456517
3382769843474137093
30028549951379
3382769264811442181
30000037229701
3243159965715660805
30028541741157
3242435180302565381
3243158814517624837
3382769861677285381
3382769766504267781
3216711166736465925
3382768526542503941
3382769307945140229
3382463106217082885
30028551070691
30000035896407
3243875639053844485
3242434526754701317
30028539182425
943290725141839873
3243160272608559109
3382769589844312069
30028548828867
30028548646738
3382769484466749445
3244607524751081477
3382769689090326533
3283420307756220421
3382769212357476357
3243882367015387141
3382769724851159045
3242432858227015685
30028539507782
30028543265315
3382769252178001925
30028538427800
3242947932331114501
3382767883354046469
3382768133720899589
3243522344648441861
3382769127234076677
3382769587143639045
3382769782698409989
3382768367351955461
3382768964435902469
30000034187527
3242796267003183109
30028547271144
30028550774653
3242429660359491589
3242796469072429061
3382769325871988741
950726594060615680
3382769730491908101
3215291910706823173
30000035498687
952247737200410624
3382769236097040389
3382769521196728325
3382769816076681221
3382769876491567109
30028540239853
3382769208414568453
3242434457783369733
3243519023124316165
3221820151932125189
3028547995766
3382769700813406213
30028548301641
30028539032791
30028539479788
3242793155605430277
3242167845419286533
3382769642344611845
3254069746550112261
3242796928398852101
3382769746762203141
30000035909451
3243159694314307589
30000036690315
3382769728781156357
3382769836247351301
30028548803099
3242439995304771589
3382767791197192197
3242430995100270597
3242274426068926469
3382768761629179909
3382769861862227973
30028545767025
3382769140382892037
3382769774440349701
3382769741975912453
3382769488124641285
3244608707129573381
30000035344565
3382767968964378629
30000035034625
30028540989407
30028548226978
30000027780683
30028548722402
3242167610085277701
3242434460757196805
3382387492340236293
30028542995586
3382769915834269701
30000025648102
3382768010856890373
3258546195055640581
3382767826995314693
30028548770925
3382769845608906757
3382769592017289221
3380641961599434757
3382767496748662789
3382767827733839877
3382768654972026885
30028539161028
30028548799884
3382383417100533765
3264995226489454597
30028548772359
30028546140820
3382769903901278213
3382769636539564037
3382769427588186117
30028547335280
3382768541209722885
3243522144265175045
30028539524309
3243521521633001477
3367866793470197765
3382769661680615429
3382769785680625669
30028548619544
3382769745373757445
30028541680736
3243159657098379269
3382759015077380101
3382769848347787269
3261068291354787845
3028538948969
3382768900351524869
3244001886455201797
30000033776262
3209892016218832901
30000035748993
3377238772191657989
3242434255953395717
30000035822001
3243382382215823365
3382768032491110405
3242798446112079877
3357768681614540805
3382767406952873989
3382769653102936069
30028539225230
3382769693192355845
30000013622234
30028550435699
30028547621908
3244609606745391109
30028547819587
3382769860863852549
945024965604802560
3242427161627983877
3382769677073711109
3382768789445738501
30028546470678
3382769932196118533
947646198007726081
30000010770727
30000035190621
30028547447335
30000034430789
3382769796288544773
3242434362748960773
3242432342411182085
30028548721934
3382769240153063429
30000034355607
3243522124379652101
3382769738272931845
3242433404660613125
30028545283633
30000034520040
30000025579202
3379416880957423621
3242434760532623365
3195384440850612229
30000011392542
3382769630919524357
3329480280187797509
3244609189843894277
30028548770842
3242431700527808517
3382767687740030981
30028543725161
30028542466934
30000038201321
3382769519120285701
30028549922963
3243161000315584517
30028546365653
3382769748712292357
30028541943707
3242799802268909573
30028546427680
948299581639098368
3382769556550123525
30000032707050
3242439616559185925
3244608441622134789
30000033570629
3382769544340832261
3382769527185997829
30028548852227
3377245057997930501
3382768947340443653
30028548727545
3382769372395339781
30028544538220
3028539136281
3382769920556924933
3382768359818788869
30028539876117
3028545725380
3382768594851004422
30000035865837
3243523574921494533
30028538515703
3242453921719386117
3382768105333850117
3382768121447841797
3382769466787954693
3242438180920229893
30028539271817
3382769744232710149
30028545396902
30028548107528
3382768352126435333
3242797548484886533
3244608442422984709
3382769865771057157
30028540334512
3382769272835080197
3382768620092260357
3237131183756804101
3382769910440132613
3382769548145065989
30028539209805
30028550243222
30028538692285
3382768060899131397
30028539501115
3244385401033785349
3380142494769414149
3382410253486391301
30000037375018
30000035346702
3377044579955572741
3242435678669897733
3243521513807020037
3382769810477613061
30028548772885
3229403924223819781
3243918014425530373
3382769727170543621
3382689985457160197
3382764832492814341
3242434465593294853
3242792923224408069
3363606915515154437
3382769745541529605
3382769877057994757
30000035876683
3243150847214223365
3243159541222866950
3274416816093724677
3382768929665187845
3382769585985617925
30000013585257
30000033198008
3382769323917115397
3365030694225510405
30000035417042
3382769847831822341
3210346322701254661
3382769465827590149
3382769908414545925
3242428246081994757
30028544332465
3382768966848151557
3200759886576746501
3242434320675700741
3382768697162399749
3382768733401120773
3230885943349411845
3242792492314263557
3382769795160080389
3247274094108606469
3380889997621919749
3307806414200504325
3243462100114341893
30028542620540
3242798534108381189
3377243238776963077
3382769233341448197
3242446039078666245
3382769790584029189
3382768378848149509
30000032655688
30000034179019
3242145604337926149
3317242962311249925
30028544265066
30028550877473
30028550156325
3382768131674013701
3242435987718864901
30028539511337
30000025916838
3382768395785207813
3382769486375157765
3382768699590967301
30000034197000
3382769932796362757
3382769931915362309
3382769096758198277
3242432749816512517
3382768208547348485
30028539389510
3242171376696229893
30000013332700
3382769655028449285
3382399800328650757
3242434744883412997
3382769738637705221
300028540105719
3382769646991769605
3243289516668157957
30028547770350
30000012156913
30028548828619
3382769438069358597
3382768171037360133
30000036136401
3382768228952047621
30028540336091
3382769806769913861
3242432312065654789
3382767674213924869
3242796977363353605
3382769629308518405
3243158806439002117
30028540953564
3382769549847494661
3382768690795315205
30028548772269
3242161482794336261
3382768322887680005
3382769648082812933
30028539047193
3382769632761020421
3382412088825217029
30028547998900
30028543877796
3382769843079610373
3382768082537676805
30028539281906
3382769738633445381
3382769896116781061
3244485249519779845
3382411978997694469
3382769812218249221
3245094272871301125
3224476419570532357
3382769555916718085
3382768965258379269
3269635880093548549
3382769781797093381
3382769262319697925
3382768296220819461
3382767662692171781
3382769810578079749
3355228888803901445
3216734121721921541
3243520240332505093
3382769149950361605
3242144480684015621
3242434427253161989
3382769851741372421
3382769093071536133
30000037695981
30028550715893
3243158993341644805
3242429607263731717
30028538504804
3382768677311086597
3195010359017799685
3382769838822719493
30000038005557
3382769781154906117
3242796611565322245
3382769558278569989
30028548771110
3198677281005699077
3382767436287639557
3242443312374546437
944257287415922688
30000035140174
3382769153842806789
3382768276306067461
3382769204274855941
30000035364480
3243881701374754821
30028545373712
30028539392769
30000034573812
30028547836656
30028544000845
30028546752692
3028540839376
3382767922839683077
3379884169813164037
3242793560037392389
3382769847630888965
942569907566936064
30000035012301
3382769939259785221
30000032770437
30000037303912
3382409853677010949
3382769246155177989
3382769513923739653
3375852801025900549
3243158930318032901
3382769097013592069
3382769458965446661
3382769861459116037
30028540217548
3243160684862308357
30028541384952
3382767978367680517
3382769883516895237
30000037639975
3382769349116952581
3354167178277945349
3382769327281143813
3382767803725381637
30028541021514
3242432473147965445
3382769817398149125
3244020504655822853
3242793055143723013
30000011400276
30000032592499
3242431841326137349
3242435060299399173
30028545135180
3382769841331109893
30028547772619
3242438984326643717
3382767813011308549
30000032897129
3382768258346319877
30028547570500
3242434849048952837
30028546842623
30028548828808
3242438765790756869
3382768020667432965
30000034195833
3382769885878550533
30028540041204
3382769664515899397
3382769605103714309
3382768402856804357
30000034508434
30028546500746
3200250537143959557
3382768073595355141
943296593807802368
3357828910699905029
3382769970540707845
30028539071344
3242141619321438213
942784356760420353
3242797326459338757
3382769655112138757
3242431092655652869
3242435402768646149
30028538340658
30000037313754
3242435000941608965
3242430613825323013
3332436680387854341
3242798768351936517
30000012728570
30000038225356
3382768368425762821
3242796422213664773
3382768169212968965
30028540211514
3382769835077206021
3382769557749563397
3243158853268865029
30000035797766
3311030555217035269
3382769651580796933
3242432241727242245
30028546210529
3382769862206095365
30028541019936
3382768955741175813
3382769388811714565
3382769289985523718
3382768767626838021
3181901415094222853
3382769194845732869
30028540787432
30000037252421
30028540674436
3382769952332972037
3382769492503166981
3382768107451645957
30028544742742
3242471229061857285
30028539474516
3242579506382831621
3382767885463846917
3382769918229544965
30028550089463
3382769804517179397
3382769845453651973
3382412007141474309
3382407057519083525
3382769543732658181
3382769853674618885
3382769535079743493
30028543278532
3382769949384507397
30000029111233
3217176163531161605
30028540307546
3382767800034197509
30000034177164
3382769906623709189
30000037674314
30028539344963
3242435242302898181
30028539477955
3242433919108907013
30000033529632
30000026122053
3382769933773438981
3377968178505515013
3382769521477156869
3243883017648472069
30028539505800
3382769912512380933
3382768664304484357
3191102859155406853
30028544261946
3382769335807967237
3243883182694203397
3382769853238214661
3244609466382745605
3382769243269562373
30028543681060
3222532042950443013
3243192919732387845
30000037812646
30000032930993
3382769707209916421
30000033452993
3291772140300009477
30000014034312
30028538565185
30028541581651
3243882142695620613
30028546117367
30000033168027
30000029896604
3382769427264897029
3382638843301396485
3382769191771832325
3382769785941000197
30028544637022
3382765176497569797
3242795433217490949
30028543390845
3243150857087614981
3382769848020566021
30018621077399
30028547105531
3244598293025259525
30028548720941
3325211967781601285
30028547254835
3382769445988204549
3382769821735387141
3382768134026690565
3242191026452496389
30000037849367
3382769465366282245
3382769818467696645
3242418860194529285
30028544524631
30000010888115
3382769565093855237
3382767839515705349
3382769074239111173
3382768306953912325
3382769601886355461
30028539472373
3382769935195176965
30000035306130
3382769473880195077
30028541896202
3382768093019242501
3382678447224520709
30000037313963
3382768615457292293
3382761549996949509
3382768998221217797
30028538468456
3382769497104515078
30000035140358
3242601944076451845
30028539470513
3382767651132735493
3382769767662223365
30000029205538
3382769915163049989
3382769681263886341
3242798993716019205
3382769493635760133
3243860178899828741
30000035619703
3382769075799064581
3379434861506723845
3242796902046105605
3298008809291120645
30000029791231
30028539345058
30028539507957
3243159160979587077
3382769172213727237
3242184675181527045
3382768614753107973
3242797317559156741
3242797344637386757
3382769808585654277
3028547318470
3382769015593762821
3244608836197023749
3382769860847206405
3243521525710323717
3244341215949422597
3382769257404235781
3382769984876969989
30028550401236
3377250197979070469
3382767827536248837
3382769882552598533
3382769603987701765
30028539471897
30000032916605
30028543672731
3382769967382528005
3382769760116342789
3382769799228489733
30028541949399
3242795833987629061
3382769528209473541
3382769816194449413
3382769559188209669
3242431576527208453
30000033340799
3287025243895037957
3382769394067177477
3242794052867850245
30000036186981
30000036101592
30028549150032
3280519161160925189
3276229621063811077
3242433432129437701
3377242838334504965
30028545706507
3242273311768248325
3242382486988914693
3308892157916413957
3242433971030065157
30028543632863
3382769319123484677
3382769859664281605
3242620709518442501
3242797209727467525
3244609311596281861
3028546437209
3382769609486696453
3382768432422518789
3377233853103276037
30028541572082
3242796413778919429
3242438382787952645
3382769914437566469
3184533579905761285
30000037782321
30028548799988
3382769488908910597
30000036758470
3322905213039149061
3382768877366476805
3243158679402577925
3382769942996713477
3382768565951987717
3242432132834394117
30028542521307
3242425765512019973
3382768102921863174
3242433879867129861
30028540056727
30000037313259
3242797174872997893
3242794958544044037
3242437557600387077
3382769771831558149
3382769884888694789
3382769508714086405
3379087471062286341
30000035028411
3242795750721978373
3382769792928710661
3242432478374068229
3307705065186394117
3382769393358405637
30028547818046
3382759493941198853
3242428869997494277
30000029792070
3382769715107790853
3382769374026989573
30000034506490
3242383416018665477
3382769155494838277
30028539472802
3382769834850910213
3382769754194313221
30000035789638
30028548219578
3382769859119022085
3243159451464499205
30028543501743
3256232735298551813
30028549647337
3245498744139677701
3242795783395934213
3382769041556701189
3382767691808768005
3242234432654409733
30028547575121
3382769215720849413
3382769760980434949
3382769445716033541
30028546102255
3235976257244561413
3243882058645700613
3242373369750618117
30028548774388
3382769815842062341
30000035798527
3243592269534199813
30028548723146
3382768732340224005
30000035178239
3243871018767417349
3382577365248835589
3242790355882541061
30000027984655
3382768785196908549
30028548724579
30028541851803
3382767984696950789
3382768665344606213
3382769560358813701
3382769936558194693
3289271268999430149
30000028355986
3242430874895515653
3242434999435919365
30028547957115
30000028443033
3382768212946845701
3242437146651066373
3382769833327853573
3382769150185111557
3382768993100300293
3294352088379031557
3382769563097235461
3382769764277223429
3382768465490149381
3242795271669874693
30028539419215
30028550896915
3242434699862016005
3243158916564385797
942429292850053121
3182716823343661061
30028538921151
30000035062696
3382768053005320197
3287045039042789381
3382768299622465541
3244608916412891141
30028541182013
3242434841507528709
3382769631774900229
3242793167680962565
3233154480919150597
3382768980177584133
30000036902045
3382769549746831365
30028539922165
30028540136655
3382769448622358533
948993078977363968
30028539477863
30028546166525
3382769699949576197
30000028398042
30028540583671
3377242787885088773
3338217657563676677
30028539090998
3382769442800795653
3243155243637866501
30028539012257
3244468430130053125
30000029570320
3382769759277416453
3382769864101986309
3382768164100112389
3382769746535186437
3382695338429186053
3382768517327749125
931961343290900480
30028540204939
3382769847052206085
30028543883040
30028540303385
3382769479001636869
3242946096056631301
3382769816404099077
3382768496905682949
30028542047251
3244371899539914757
3382769572887134213
3382769341122609157
3242566421051932677
30028548723454
30028539660079
30028544744550
3242796644088152069
3382759930924826629
3242137908637663237
3382768353480998917
30028550299005
3382694709874786309
3028543861485
3382768729852608517
3266907830237593605
3237390429719429125
3380618093962985477
3382768310112157701
3202728962044002309
3242796973059801093
3242373641537257477
3382768795951104005
3182664275618365445
3382769291193548805
3382769630470864901
3382769497833996293
30028540520172
3243884282394509317
3382417289053601797
3382769701912248325
30028540206104
30000036346431
30028540432834
30028540205715
30028539396028
3345434338891792389
3382769085127524357
3382769158699483141
30000038322492
30000035001083
3242875433438412805
3242796583693975557
3382769255009353733
30028544126470
3242161094821281797
3244315346958745605
30000035230226
3382767395137388549
30028548724791
30000034254957
3382769778093195269
3245764355704815621
30000033518276
3241023063154425861
3242795673257705477
30028550454148
3382769703141048325
30028540228338
3242433960858877957
30000029702712
30000034190472
3382768797960175621
30028544461847
3243161916607692805
3242428381755342853
3244609336459722757
3382769225107832837
30028541997484
30000037417003
3382768920299569157
3382769635399172101
3382769393697751045
30028543896201
3242434110839062533
30000033205114
30000038009953
3242412971882315781
30028547858964
30000035248141
3382769431052484613
30028539489728
3243522069115568133
3229454534180732933
3382769320020869125
30028548771667
30028549024209
3382769699966222341
3242432940791824389
3382768828834185221
30028539246031
30028542980645
3382769732735926277
30028548827224
3242794378698227717
30000034175803
3382769908872052741
30028540288348
3382769640453308421
3382769948860284933
3382768907087118341
3382769091351871493
3382769372428959749
30028545443685
3382652874401972229
934064921908346880
3242797500934127621
30028548980799
30028538580077
3242301053792223237
3382769252962533381
30028546103651
3266399927659593733
3242428973361856517
3382768978805587973
3382769814973579269
3242188784584359941
30028539527816
3281985869214253061
3382769084933996549
3382769436819783685
3243160015585542149
3382769802676142085
3382768038065209349
3382769137942200325
3382768525904969733
30000034251476
3244609545701425157
3382768766158766085
30028543784000
947661307509735424
30000035848287
3382768821011873797
30028547003133
3244609304058724357
3242795909292097541
3382768147075366917
3242514749617471493
30028538655200
30000037314546
3242432433800871941
3382769257987244037
3382769737689792517
30000033094184
3242796172358713349
3243884071219625989
30028545759738
3382759434062790661
30028547143340
3382763326188224517
30028541624730
30028540206902
3293967956792377349
3382768413061087237
30028542962521
30028548882944
3297998489344802821
3281346540183945221
30028540411146
3382769949648617477
3382769827728785413
30028547071727
3243158611865698309
944282376911978497
30000036408961
3382769180841213957
3242432424691105797
3242434812701245445
3382769232620093445
3382769852429238277
3382769100151521285
3258135873740079109
3382767690064199685
3242796574500257797
3382769363138117637
3382769494277488645
3195191494373146629
3242787720932556805
3382769495200169989
3382768141568180229
30000029243837
30000032430082
3244608921589055493
3382769495082401797
3382769395090456581
3242797545024520197
3243547413868969989
3381644566547202053
3382768937831366661
30028543524163
3242793268180615173
3382769506679652357
3243883038078599173
30028540612109
30028540716148
3242431913564569605
30028548723429
3382769071466479621
3244464584775237637
3242434641162469381
3382769878844440581
30028547417565
3382768493411631109
3221169960942370821
3382769271451090949
3257736510789910533
30028539710066
3243159613246996485
30000035186200
3028544689493
30028539515445
3338492767113510917
3242430331079032837
3382769780106854405
3242387321616400389
3274068761288900613
30000036591586
3317594195614302213
3382769869248331781
3382769646832779269
30000037334009
3382769766718636037
3382769791968346117
3243521747345997829
3382769886171889669
3242439938765488133
3382768260229496837
3242800372132216837
3243362389604499461
3242434826991239173
3190100900411998213
3382768643177644037
30028548728705
3382769936067919877
3382768967141425157
3263182508484722693
3242221813940158469
3242263703485808645
30000032874637
30028542202262
3382769157063639045
3382769772104056837
3242434181663948805
3382769023927910405
3203422678312747013
3382769299133235205
30028548080433
3382769849216008197
30028543940375
3382769489957224453
30028539594181
30028540894366
30000034825195
30028539122982
30000037328186
3382769366736764933
3382769714511872005
3243150254102544389
30000033683146
3243151257661276165
3382769742387150853
3382766068181106693
30000037706334
3382769624959156229
3382769806098628613
3382768982224338949
3382769751774003205
3382759996267626501
3382769320432107525
3382768616140832773
30028539224828
3382768054825713669
30000033752019
3382768510423924741
30000037913138
3382769736561197061
3382768721242226693
3382757386298720261
3382769985267040261
30028539367143
30028539390375
30028548240165
3242434843059421189
3242306745358024709
3382768300054347781
3244608417647755269
3242435214834466821
3382768481436958725
3382767977059254277
3382769792844759045
3382769458097618949
3382768280550506501
3242431169478524933
3382769881952944133
3272649513950117893
3230150707833470981
3382769951737315333
3382768582607372293
3382769780337410053
30028546228157
3382768263744061445
3243924690117591045
3382769593120522245
3242795438946975749
30028543197079
3382768916642070533
3382768808902656005
3382769240802721797
3382769566918836229
3382769338857684997
3242795705704579077
30000032967029
3382768577964474373
3382769153959657477
3281969843651018757
3377241878270640133
30000038571016
3382769604071981061
3243520595606503429
30028548092330
3315692697942294533
942685021792108545
3382769332121567237
3028548853931
3382769674431234053
3382769954945957893
3028545696394
30028548790138
3242433510655197189
30028538722981
30028548802710
3216706355358072837
3382769069985759237
3242433754499121157
3382768810471718917
3382769124818092037
30028540217394
3382768965601918981
30000036794164
3382767896067047429
3268200850674483205
30028542893097
3243159486901780485
30000025599941
3382769859840180229
3382769670480330757
3382769626733215749
3242146561612447749
3028547734214
3382441610228793349
30028550913696
3242399159728799749
3382769434324041733
30028548244522
3382769786637123589
3355594171871657989
3382767939377364997
3382768037322948613
3354489902678474757
3382769444260020229
3243357744819535877
3235986948890492933
3382768574701305861
3242340792180211717
3242255843951443973
3242795150550827013
3244608710216908805
3382768717496385541
3242435236007313413
30028548820153
30028548827689
30000037313525
3382767350140764165
3382769071776530437
3382768556506677253
30000035242556
30028541230466
3242797171031146501
30000032725251
3243159922203623429
3382768765311385605
30028539270828
30028551339748
3198593715089571845
3243881024552566789
30000038323887
3242168867974021125
3382769671616462853
3382768531764084741
3382767960357208069
3242797561495486469
3242786545864802309
3342522762853154821
30000035149548
3382769926068699141
3382768948694614021
3382768525921353733
3242432646108479493
30000036815639
3382764937400745989
3382768789999190021
30028548771569
3242164008251817989
3325819653854658565
3028544914012
3382769774826094597
3242803974506479621
30028539507956
3382769514644897797
3244608049131421701
3382769359632072709
3382769478536265733
3243158047106269189
3382430450205065221
30000037365078
3382758942335762437
30028547932894
3242434436044488709
30028548772754
3382768876330614789
3382769070472232965
30000037892091
3243520027332902917
3242433545811722245
3244608032400539653
3382759646756143109
30000033046850
3242793106352111621
3382769236143243269
3382767464238350341
3382769894070288389
3244580774801702917
3382769002155540485
30028541199672
3242795692136202245
3382769919525519365
3243160011362271237
30028543394000
3242431010266939397
3243746700133990405
3244608463046967301
3242433876150779909
3244592414113136645
3382768927266111493
3382769756769484805
30000037065863
30000035740176
3382769159793999877
3182391071955615749
3382763750899712005
3382769650498404357
3382769285950472197
3243882534120456197
3382403401289170949
3382769799400521733
30028550692315
3327727790983544837
3301982726397952005
30028550308853
3242216212421935109
3382767774121852933
3243159562302652421
3382769221375164421
3211642833921966085
30028544415256
3262425258023452677
3242432367103311877
3382769458571509765
3242795339944755205
3382769588376698885
30028543827352
3382769654289858565
3382769129888677893
3382769502309580805
30028548989758
3243521765519261701
3243156101301665797
3382769776675651589
944729683595886593
30028539469074
3382759336688091141
3382769280866713605
3382769450216325125
3200868975118123013
3382731279151267845
30000034479492
30028543486990
30028540595563
3242420547965747205
30000038551909
3263841458053578757
3242433683774832645
3378479235456040965
3382769159807107077
3242433175945216005
3382768918307078149
3382769339427717125
3242434384978771973
30028548724131
3382769281302921221
3199444594147262469
30028542900933
3242797346935799813
3270380069060214789
3242434746657538053
3242432393087025157
30000037223071
3382769849660669957
3382769806471987205
30028539224647
3242432392705146885
3242796902779846661
3382769243344863237
3231579373050134533
30000034188530
30000036372107
3243516325020368901
3382769645113180165
3382768794658930693
30028541193798
30028543266198
3244313560202477573
3382768476399468549
3242434960441475077
3382769284415619077
3382769765027872773
3243521967416541189
30028539956364
3382769418351804421
3382769859618078725
3382768465020190725
30028542888408
30028545276709
30000033716618
3382769285669257221
3382768481487224837
30028551074636
30028548771090
3305168579777724421
30028541897490
3242501054375919621
3242432285465313285
30000029069441
3242297890981085189
30000035868262
3263959960953487365
30000034695520
30028550599537
3242801499682570245
3028541756065
3382769487981772805
3316362470955483141
3243883823474475013
3382769299573506053
30028547843731
3382768837860589573
30028539019250
30028545043660
3244608992636502021
30000013489095
3268674980209426437
3382769671126122501
30028539533182
30028548773116
3382767882196549637
3243159616007307269
3242431696299622405
30000037893992
30028539161158
30000035731896
3382769065023766533
3382769834452189189
3243162372994170885
3382768592141025285
3223427239829700613
30028547264236
943424531232456705
3242431965167353861
3242252717391478789
3312500324479074309
3382768224062013445
3243158357963571205
30028542588147
3382768190360649733
3382768935151206405
30000027133896
3242796702049173509
3242794989271580677
30000035142991
3242480402999017477
30028545914573
30000035299239
3336424033003569157
30000034865135
30028551073983
3242793698616868869
3190621598406475781
3382768861553950725
3382769168631463941
30000032985838
3370840019691307013
3382768981603319813
3248767295269437445
3382769434206863365
3316070241082540037
3273036857685180421
3361322045833084933
3244608480998129669
30028539928180
3382769878970859526
3382768120923750405
3382769991574945797
30028547955636
3243884477013884933
3243871414227959813
3382768850275467269
30028539402737
929353702370705409
30028539019396
3382769790013800453
30028541623212
3382768141865910277
3382768234639982597
3243159973764661253
30000034162608
3382769506998681605
3382768895058378757
3382769671914848261
3382768621719846917
3382768989778018309
3382769617355079685
30000037627130
3382768438390423557
3242434170901495813
3242137193323954181
3382769159471169541
3382769487742697477
3382769042387042309
3242434091033362437
3382769839905046533
3382767410023170053
3382764882946490373
30028539467528
30028539390279
3382767741721116677
3379051516821700613
3382768220417032197
30028548245312
3286998332540387333
3382769962193780741
3382767807550521349
30000032641695
30000037793340
3028546257150
3242294835384352773
30028543835395
30028539207711
3221821644324274181
30028542611863
3382767768962859013
3242435874225127429
30028541945040
3382769274588364805
3382769707746328582
3377966900501086213
3242792545975926789
3382769294435745797
3382769555778437125
3382769280715849733
3382769794317221893
30028539270750
3382768420627546117
3242431765795045381
3242431286730358789
30000034187854
3242783187762544645
3382768702006820869
30028539345834
3382769202496536581
3382769284188667909
3382769746271076357
30028548720440
30028544545340
3242433957289721861
3382767458316320773
3242796278336258053
30000034981773
30000025947430
30028542584837
30028539476813
3382769966740537349
3334588105960325125
3382769661432954885
3382768067311960069
3382769740021628933
3243521447901986821
3242434073111232517
3242796698068647941
3243880189236150277
3382768553373138949
30028543198486
3242434717893132293
3382769538439184389
3382698852332863493
3365318714585710597
3382769459393527813
3242792883500351493
30000028562682
30000012091240
30028547483284
30000037920186
3243883656717271045
3382421191740424197
3382769544294301701
30028549921524
3382767838286512133
3372930895909683205
3382768999902871557
30028539243928
3378330721216626693
3242434141906141189
3382768797049683973
3242792966819807237
30028548723383
3382768482120630277
3382769496756453381
3242433120861552645
3382769888886063109
30028545350738
30000036344355
3382768206395146245
3243884845332889605
30028548722600
30028539110847
3212746750877368325
30000036379780
3382769422747828229
3292554750265786373
30028548827665
3195081223415660549
3382769635084337157
3382769028608753669
3382769237221376005
30028550478439
30000038282925
30000026133286
3382769239670521861
3382768217271435269
3342499256505335813
30028539089830
30028548724116
3382769651207110661
30028543513497
3382768323307110405
3242270625694023685
3243159269288968197
3244608497817026565
3382769928261795845
3242797060972216325
30028540242788
30028539223637
3382767767302307845
3382767843877781509
30000035749736
3382769367508844549
30028548722155
30028540282918
30028545376030
3382769378904768517
30000035012919
3242431159928094725
3382768818478841861
30000034184774
3243884289566507013
3382416431549186053
3242194355815710725
30028539503704
3382768945398284293
3382769073294802949
30000035094810
3293669656231018501
3242429364073725957
3296105922025750533
3242424431010316293
3243159774048616453
30028539299450
3382768845107888133
3242434015657787397
3382769600573407237
3243884074629857285
3382769418834149381
3328443874149531653
30028550435333
3382768871289323525
30028546300029
3382769865267806213
3245860913599414277
3292111036875472901
3382769079393320965
3242432751721054213
3382768563838058501
30028548425739
30028541603891
3243522491079524357
30028538837461
30028542096941
3243885347244474373
3242431290018496517
3242433299992018949
3382768906537992197
30000034915764
30028541811085
30000036359770
30000037213508
3382767882540351493
3382768709653299205
3314339587990683653
3243273146571882501
30000011411467
3304086882898411525
30028547580160
3382769817737756677
3382764917272608773
3242797218313338885
3382769829238865925
3243159956944977925
3382768995180544005
3279425851042299909
30028549768169
30028539377717
30028550599540
3382768946035490821
3382769126847741957
935213291926454273
30028538555586
3200148854846062597
3382769311208374277
30028548767679
3242441006333493253
30028549821475
3242414811235483653
30000035723254
3269636280464769029
3382769566192631813
3382768803039477765
3243160003850141701
3382769917369712645
3382769839187492869
3379415935238144005
3208103971773546501
30028540775830
30028541689466
3382769827296706565
3382387335700217861
30028540226436
3243684139924914181
3242434698465247237
3382769920682950661
3382768150561095685
3382769440422756357
30000033904669
30028546470471
3244258708029571077
3242801589117845509
30028540216806
30028539966284
3242434317785956357
30000035768110
30028541616768
3221823153325735941
3244608161341636613
3382769753812697093
30000038578091
30028540422793
3382768030469521413
3243522210652749829
3267483561049587717
3382768510189043717
3382768385735196677
3382769731092152325
30028548772218
30028543863623
3382769330116493317
3382769433707544581
3281596333678067717
3382769763560128517
3382769713169629189
3382769859097722885
3244731922233950213
3382768454060408837
3382769222415155205
30028547715600
3242204938262675461
30028539225357
3382769841691623429
30028540831642
30028538949931
3382769508341055493
30000036795405
3382769161950199813
3382769675873878021
3382769905478467589
3382767554810216453
3242440584684109829
30028538785749
3382769087039995909
3382769757621256197
3243159545706250245
3382769085907075077
3210318836747599877
3382769542482690053
3382769912566972421
3274480583716765701
3379416498013339653
30028539092668
3382767897019088901
30000033673536
3382769623072178181
3242164490999627781
3382768065240432645
3382769798762725381
3242439246902722565
3253808482745843717
3242425767290470405
3382769209958268933
3236033282209021957
30028539497642
3382769742425227269
3382769654285926405
3315372296813084677
3382507210569220101
3243884760176001029
3382767719017218053
3382767722175660037
3252665466961920005
30028541826425
30028541896774
3242425047673798661
30000037020577
3382768512872939525
3242798645978857477
3382767364917428229
3382769969479352325
30028539491420
3242433875106332677
30028548728869
3382769634828550149
3382768850661474309
30028550407377
3382769914093830149
30000034194972
3209335653075714053
30000033686178
3243883295298617349
30028547793314
30000025683247
3382767355140308997
3242794302013964293
3242432917244805125
3382767793550000133
3382759234951184389
3382768924229828613
30000035911906
30028539907757
3382767954866864133
3382769286990594053
30028539092281
30000035699701
3244609501111713797
30028546449425
3242431893092237317
30028550885298
3242432181492645893
3382768379003863045
3382757051736129541
3244609344362315781
3273355984979427333
30028539181911
30028550289231
3382769639957987333
3244609445864210437
3382768417486340101
3382769652633042949
3382769101619265541
3382655882821238789
3243524727083892741
30028548723205
30028548722413
3382769586598117381
3198797631311904773
3377243379084886021
3382769687038918661
3242433850133774341
3382769646299643909
30028538962325
30000036791312
3242435807036506117
3382768165064605701
3382769329155866629
30000035615387
3382769852898869253
30028539516275
30000033305199
3382768754163253253
3243488483066314757
3382769174818324485
3242435807699009541
3382768297357279237
3382769788143206405
3242440639776555013
3243882920210268165
3242436156178563077
30028547523144
3242797068383944709
30028547121150
30028549420120
3243521738625712133
3382769806056488965
3242867658742431749
3242797340615114757
3281974059564138501
3382769667212705797
30028550904986
3243159757451427845
3324460297238020101
3382769333048508421
3242796996195647493
30028542563689
3382769176034541573
30028548828684
3242217176910594053
3382769786318094341
3382769412509335557
3198765377642627077
3382766669430128645
3243521990523355141
30000035548593
3243521512699723781
3242443505375444997
3382768683417796613
30028549277217
30028541181586
30028539533593
3382769710204256261
30028544176985
3382473568157499397
30028549780584
3382769762272215045
30000037622277
3382769444331388933
3382769682765512709
3382769601693679621
3382768692649590789
3243158519758061573
3242162892298584069
30000026059489
3382769387364745221
3267108495983575045
3382768394577182725
30028539967714
30028548274113
30028541017870
30028539224106
3382769448488402949
3382768636563030021
3242433679735914501
3382769490506809349
3242438973345759237
3382768760676745221
3258442011509784581
3242797204769734661
3243522070940024837
3262853375644729349
3382769898519986181
3382769740957089797
30000035063673
3382768842960797701
3242796497974984709
30000035389124
3264995364968464389
3382769663177916421
30000028381885
30028548720473
30028545588998
3382769300320485381
30000035229268
30000038287106
3242794109046226949
3242430152573452293
3379419372717932549
30028539137424
3382769450296016901
3283887897976897541
30028548026607
3382769814759866373
3242579990191800325
3382717388677971973
3243884665946636293
30028549696254
3242146163204096005
3382768303640215557
3243155444293894149
3243522330039418885
30028546453028
3242428020202209285
3382767341223739397
3242193455331999749
3382769601403879429
30000032803182
30028548720926
3382769444650352645
3320009043287605253
3382768728787845125
3242443302958006277
30028539210813
30000034884677
3242431015136264197
3028545015266
30000028129063
3376640267294998533
30028551058258
30028548772306
3221831904682442757
3382769445724094469
3382769895601143813
3244607894890741765
3242434383980462085
3242434570945626117
3382768425900244997
3244609500314599429
3376639637486829573
3360186791008993285
3242795673278480389
3242431541739651077
3382768012496994309
3242434370135064581
30028539428002
3382769150164336645
3242433532029173765
3382754100754055173
30028548772711
3355270193210654725
30028550959861
30028546275709
3242280076953976837
30028541723985
30028550227224
3382769816349835269
3382768372049707013
3382769587256688645
30028549951660
30028546466889
30000037774170
3382769505010909189
3382769722116014085
3242433811894173701
3243159094357590021
3382768201035022341
30028538719279
3242431445497217029
30000037313163
3242794575830384645
3382768935340343301
3382768604044591109
3283804043182211077
30028541249402
3382425366901424133
3382769137233100805
30028551169617
3382769886901960709
3338502142465015813
30000028030501
30000033606484
30028538494398
3243521960546336773
30028542913393
3382769898218192901
3382769446659227653
30000037313886
3028549126561
3242431627617959941
3382768977782177798
3382769899711561733
30028539172064
3382769914777042949
3382767610183483397
3242432715888852997
3242431345462935557
3379195593169043461
3242797394553929733
3382769838549958661
3382769016705777669
3382767426464514053
30000028788788
3382769879318528005
30028539225533
3382769444968988677
3382769708631195653
3382769569535819781
3382768059133394949
3243159553248067589
3382769829725011973
3382768715449761797
3242771393408532485
3382769784829575173
3382769450908319749
3242431040285442053
3382769862814400517
3382769768706539525
3382769189670551557
30028545182212
3382769774230634501
947926735209365504
3243885076770521093
3382769149145186309
3382768501015576581
30028548772746
3382421673389129733
3242790490381156357
3243522080046186501
30028544676929
3242797041502388229
30028539497587
3382769837237338117
3382408548404822021
3382769736947531781
3382767836214263813
3242434974534139909
30028548771347
30028539508060
30000033000665
3242433811390857221
3242394722532720645
30000036568167
30028540573508
3243884358898155525
3382769114910818309
3382769749131722757
3382769661605117957
30028547823645
30000037956734
30000037986007
30000037039601
3382769842438012933
3382767510111780869
30000032849284
3382769757599956997
3243159383059988485
3252961781973581829
3242433267750207493
3242276167610859525
30000034180274
3382769618625691653
3242797218397356037
3382769533426728965
3379055551612125189
3242800344764317701
3382769554306236421
3242433735448592389
3322276981810003973
30028539587147
3382768746496131077
3382769281550581765
3382768481529298949
3242136514559868933
3243883177530490885
30000025082864
3382768527003942917
30028541257915
3361430582185951237
30000036544497
3244394247672365061
3382769481120022533
945360889735806977
30028545084936
30000034233374
30028548773808
3199781743917400069
3244609327312273413
30028540208699
3382769792463011845
3382769669984878597
3382767348374700037
3382765328570318853
30028539245331
3242194781864525829
3382769722237911045
3382769571175792645
3382769501865181189
30000038535188
3242797225770745861
30000034169289
3382769269412069381
3382769588368441349
30000035326896
3382769413726011397
3242434075145535493
30028549852002
30028539967569
3382767606232645637
3242431291515863045
3182342176311607301
3184093645822230533
30028548771373
3242434916766253061
30000037771924
3382769524178550789
30028548841315
3382768498327552005
3382769728806256645
3244608685797605381
30028547357944
3382768418321072133
3242797610526769157
3242193094705807365
30000029747760
3382769723366309893
3382769821177085957
30028540726002
30000035278110
3382769468851617797
3382769613542260741
3382769043079102469
3242795621076107269
3270486012439494661
3382769435703967749
3382767842782674949
30028547366029
3355495118974615557
3242478785960542213
30028548662947
30028547998951
3382769193428451333
3382768199483260933
947237813697380352
3382768579742924805
3243877331770146821
3382768506321371141
30028539356375
3382769419128143877
3242429798339444741
3382769824239058949
30028548726331
3243016556346212357
3242269534382260229
3242207532687228933
3382769277872111621
3382768896651821061
30000035283914
3243616732867198981
3382769755171454981
3242428336582557701
30028548828642
3242435236279746565
3244607643899396101
3382769037861715973
936239870202871808
3382769256569176069
3382768651163336709
3242153346297561093
3244609458111512581
30028539151904
3382769278136483845
30028541891021
30028539329912
3308953131910561797
30028548771351
30000034162610
30000009662521
3260935134118805509
30028539483572
3242432720267771909
30000033288184
3382769677656653829
30028542348501
3382768839290650629
3382769179344044037
3382769806496956421
3382432840174141445
3028547062478
3242433306249986053
3382769233995956229
3242434685882400773
30000034177225
30000034195700
3264998574324056069
3382767782326239237
3244608966564642821
3382769583737798661
30000028652129
3382769302102474757
3382769892509483013
3382769385749741573
3243971761214193669
3382769465651232773
3382769202542608389
3242435046873563141
3382767573705293829
30000032610733
30028546679553
3243884411356839941
30028539473143
3382769330107908101
3382769857302822917
3242148757661941765
30000035002401
3243495832610930693
3242431375007809541
3382542847053594629
3242806044177793029
3282506155059773445
3242452197709512709
30000029085617
3382769803309678597
3382769622031728645
3382767793969299461
3382769273241468933
3382769810368692229
3242434728215379973
30028539493750
30028541286297
3242421513406382085
30028539299687
3243726846295539717
3382769160389525509
30000035771293
30000038181965
3244609453506035717
30000035725872
3243632104353628165
30028540296144
30028540209570
30000035921760
3242431037953409029
3372571548516024325
3382769537176502277
3382769230795636741
30000032920300
3382769565517414405
3266468806884589573
3382768321751482373
30028548502690
3382768308677836805
3382767973901074437
3382769655175053317
3382769346369486853
3243520147730464773
3374027749640962053
30028548802036
3242159898328825861
3382768850028265477
3242433673092136965
3382768930005254149
30028538867712
3382769770824335365
3347293446012010501
30000029791074
3243159904562708485
3382769738649894917
3382417867016175621
3242794841610780677
3243140589389873157
30000034178335
30028538464920
3382769071306899461
30028541356752
30028540774641
3382411255543431173
3382769875187204101
3243883446276587525
3382768864766984197
3243521917487611909
3377242838338437125
30028543171794
3189661016391876613
3242796000224411653
30028541419701
30000010796960
3242432515036413957
3382769285120065541
3248292838876512261
3382769570483929093
30028550139539
3382768824635555845
3242796986229915653
3254267481635225605
30028540224373
3244247561503309829
3219995588110123013
30028541351375
30000037653883
3243879797269594117
3324364066641936389
3240769029025824773
3242431015711014917
3382769560182456325
30000025319657
3382767572485079045
30000035853714
3382769185916190725
3382769246964285445
3382769898822500357
30028539057712
3242799412228063237
30028544882747
3382737960329609221
3382769720014929925
3244609341346676741
30000034199580
3382767480827019269
3382769286394937349
30000035664124
3244275087139405829
3382769921727332357
3382769402090881029
30028548723910
3382769822401822725
3242440690959646725
30028539227039
3382768901693636613
3382769410206990341
3242434207978946565
30000034195196
30028541122586
3242798734822735877
3243159684856348677
3382768406157721605
3382769289591259141
3243883297995685893
3242433359660253189
3382769536690225157
3259894488318476293
3371797928910848005
3382769851351105541
3382769370453180421
3382769617010884613
3243157716864073733
30028548720591
3209109146268860421
3379417838047395845
30028539112277
3382768834375122949
3382768736987578373
3382768491717066757
3382768857171230725
945295843106226176
30028539134467
3382769579136581637
30000036692920
3242435451074445317
3382769346038267909
30028548770956
3242811691560271877
3242796405528395781
3376541053223436293
3243159852632637445
3382769207411998725
30028545765382
3382769275049279493
3242433037529186309
3382769873341775878
30028540569803
30000037721398
3242729725158359045
3382768402781110277
3382769405693788165
30028541896593
3244363784165785605
3243147511086317573
3273623318088187909
30000036121234
30000034187362
3244609433315049477
3242435255527604229
3242597054511972357
3242793229605928965
3242433855263211525
30028542680539
3237372101755928581
3382767846025003013
30028540658537
30028550963714
3382769709680099333
3235572397128744965
3242297979765981189
3283411666084888581
3382769657637044229
3382769814021537797
3382769799501119493
3382768807548485637
3382769473813217285
30000034741793
3242152446162305029
30028539540400
3382768262586564613
30000029718516
30000037635465
30028539057580
3382769643217354757
3382768172715278341
3242433594318848005
30028545604931
30028539397617
30028540688258
30028547492586
3382769857030324229
3382731495544324101
3382769543514619909
30000025698033
3382769782530768902
3382769216857505797
3382769816768872453
3242440537481674757
30028547274064
30028549750691
30028540626701
3382768966822985733
3382769314925051909
3382769316313038853
3382769439306612741
30028547963246
30028544871550
30028547151641
3382769590809329669
3382769242791280645
30028541621946
3382768423819608069
30028547081640
3242434127704424453
3242430108000583685
3382768678879494149
30000036541404
3242640531446693893
30000032601380
30028544872951
3382769672464236549
30000038028125
3242430931892043781
3382769438136729605
945313138553651201
3208757759614058501
3382768539033010181
3382769347300491269
3242430857912975365
3382769658442547205
3382769780765032453
3382769391491678213
30028550995872
3242792681649471493
3382768826657603589
3242440185273122821
30000034187991
3242591439781756933
30028549196503
30028542736439
3254586708061388805
3243882376502706181
3242796769803960325
3244609575065616389
30000034244555
30028545071862
3028543253229
30000037674477
30028539010381
3295841018320388101
30028541945302
3382769496064196613
3243510968932040709
3244608617174597637
30028547382965
30028547171590
3382769826084487173
30028548764099
3377239627187617797
3243160276358660101
3382768538232160261
3242431220359430149
3242431007406292997
3194695431903903749
30028549024358
3382409380735221765
3382769059055271941
3242434393174245381
3028545688260
3243521051157921797
3382399923590922245
3382768517193334789
30028540725619
3382768896924778501
30028540296039
30000032510376
3382769403357167621
3199691948482297861
30028538440076
30000034194427
30028548721176
30028548800434
30028542901813
3242431943914815493
3382768768348389381
30028539298967
3382768102795968517
3382769601228177413
3242433407609274373
3242434787229040645
3242430947842850821
3242796811432099845
942026946491973632
30000035967712
3382769265721147397
3382411994604634117
30028548800016
3244414422157426693
3242602009368985605
30028542546039
30028548724564
3382768961122336773
3328074507704336389
3382768311152410629
3264996123768651781
3382768741135679493
30028549971684
3242439346110464005
3382768257624375301
3382769156245684229
3382769011705905157
30028538744842
3243158498875277317
30000037033273
30000028972484
3382769270469361669
30028550559263
3382768259159425029
3382769917314596869
3242261961297756165
3229415772247687173
3242433462630219781
30028541495665
30028539020520
3382769584731521029
3382769689056509957
3382769773093650437
3382769745554243589
30000028890132
3242434518042804229
3382768712832450565
3382769101103628293
3382768428576276485
30000035535551
3382769101216350213
3382769869008928773
30028539101246
30028547367383
3244609391846031365
3382769279403360261
30028541559769
3242435509123612677
30028548827340
3382769547557601285
3382769795247767557
3382769801438560261
3382768248443043845
30028540208715
30028538883597
3382768960573276165
30028546628859
3242433025625817093
3382769003028086789
30028550465216
3243525087689703429
3382769877133164549
3242183861935538181
3382768159314608133
30000034162184
3382769529412976645
30028550452103
3382769352669265925
3382769102689009669
30000037223656
3382769130006315013
3382769146770882565
3243520754646450181
30028549734398
3243883195389837317
3242436224244056069
3243521444214865925
3244608602352320517
30028547241387
3382769869365379077
3382769237728690181
3382769326442610693
3382769870342782981
3242800171019403269
3242796062803689477
3382769710258716677
3242436691669811205
3242425055684853765
3382769663622316037
30028539377421
30000034995112
30000034186491
30028539479174
3242797169231396869
3382768074463838213
3382768808663908357
3242151462501482501
30028543545901
30000032893073
3382769787396227077
3242167832660344837
3382767814240501765
3382767996642459653
3382769915758903301
30028539965267
3242431339318542341
3243884440376901637
3382768691416530949
30028543594838
30028541994900
3382769884977037317
30028546284892
3382769210629029893
3382768428970475525
3382769443345989637
3243160492356468741
30028540482477
30000036683379
3344035079206404101
30000036205590
3377250276752162821
3382769602343927813
3242434101678702597
30000036605549
3243520512764477445
30028546948402
3382768963680993285
3382768906781130757
3242280845304463365
3382400052212924421
30028548720432
3242796275974995973
3200855179855134725
3242438299342143493
30028539142592
3382769749638971397
3236040650837917701
3242163623915225093
3382768793266487301
3382769602503049221
3382769073865359365
30028538513214
3245485590739419141
3028544317938
3382767561076768773
3382769685139488773
3382769564087418885
3382769909622374405
3242799572005945349
3242438610878398469
3189556233240641541
3382769163628118021
30028539286954
3382769880161452037
3242425470619025413
3382768042146398213
3382769792307953669
30028548831371
3382769583330557957
3242433830890110981
3382769575827537925
3382769256204795909
30000035859636
3242416929719779333
30000034994704
3382768884501250053
3242079470838546437
3382769915213643781
3244337520440770565
3382768653818658821
30028540234634
947650320131948545
3382767994054508549
30028547921434
3242797058577334277
30000036294917
3227971405712523269
3242161730803662853
3183812491608915973
3382769762788179973
3242171380655587333
3382768261600772101
3242794415675342853
30028539476164
3244248853911044101
3242433633036468229
3242796166138626053
3382769079724933125
3243153673911730181
944690319977349121
30028542346301
3242438560383107077
30028539207384
3242429523910262789
30028548411508
3382768070323470341
3216722880425295877
3382767516989980677
30028540236686
3382769656487608325
3242436099069116421
30000037285830
3244431156163313669
3382769548702777349
3382768687968419845
3382768441209520133
3242434520706187269
3242795907807117317
3242796615088406533
3248724043526766597
3381264072374353925
30028542493192
3242796955833597957
3382769751736057861
3242431567866167301
3242169443059105797
3382767438023884805
30028551356688
3382768228109385733
3382769723403730949
30000035006066
3382769878010167301
3244371523491004421
30028538423257
30000036931873
3242797337423249413
3325641753087901701
3197921631598346245
30000034994029